0 0 0 0 0 0 0 0 0 0 0 0 0 839 974 2069 2 1498 3889 2 1929 2 2228 32 2 2 839 974 1763 7 2 4739 974 8415 2 2 2 7332 2263 2069 4 974 1498 2 2345 4739 2 2228 2228 2263 1498 3889 2263 4 2 7 4739 2263 2 2069 2263 4 7 2 974 1498 2 2 2 2345 2069 2 32 2263 2 2345 2 4 2263 2 1
0 0 0 0 0 0 7 4739 2 4 2 32 974 4259 2 2263 2 2069 2263 4 974 1498 2 7 2263 4 2 2 1498 2 2 2 2 2 2 2 4 2 4739 2 2069 122 2 2 4 2 2 7 2 2345 2 1498 2 2 8415 2 7 2345 4739 2 2 1498 122 2 2228 2263 2 2069 1498 2 32 2 2228 2228 2263 1498 2 2 2228 4 1
0 0 0 0 0 0 0 0 0 0 0 0 0 0 0 0 0 0 0 0 0 0 0 0 0 0 0 0 8415 974 1763 2228 122 2 2228 974 4259 2263 2 7 974 2 2069 2263 4259 2 2263 8415 2 839 1763 7 2 8415 2263 2 2 2228 2228 2 3837 1498 974 8415 2 2069 1763 2228 2263 2 2 2 7 4739 2263 2 2263 1498 122 2 1
0 0 0 0 0 0 0 0 0 0 0 0 0 2 7 2 2 4 2 7 4739 2263 2 839 2263 4 7 2 32 974 4259 2 2263 2 2 2 2345 2 1498 2 2069 2263 32 2263 32 839 2263 2069 2 2 2 4259 2263 2 8415 2 7 2345 4739 2263 122 2 8415 4739 2 2228 2263 2 2 2 8415 2 4 2 2 2 3837 2 122 2 1
0 0 0 0 0 0 0 0 0 0 0 0 7 4739 2 4 2 2 4 2 2 1498 2 1763 1498 2 5102 1763 2263 2 32 2 4 7 2263 2069 7332 2 2263 2345 2263 2 2228 2 3837 2263 2 1498 974 2 974 7 4739 2263 2069 2 2 7332 2263 2 3837 2 2345 2 1498 2263 32 2 2 2069 2 3889 4739 7 2 4739 2263 2069 2263 2 1
0 0 0 0 0 0 0 0 0 0 0 0 0 0 0 0 0 2228 974 4259 2263 2 7 4739 2 4 2 32 974 4259 2 2263 2 2 2263 4259 2263 2069 3823 974 1498 2263 2 8415 4739 974 2 2 4 2 2 1498 2 7 4739 2 4 2 32 974 4259 2 2263 2 122 2 122 2 2 2 3889 2069 2263 2 7 2 6362 974 839 2 1
0 0 0 0 0 0 0 0 0 0 0 0 0 0 2069 2263 2 2228 2228 3823 2 2 2 32 2 2069 2069 2 2263 122 2 32 2 1498 2 7 2069 2263 2 7 2 1498 3889 2 4739 2 4 2 8415 2 1929 2263 2 2228 2 3837 2263 2 7 4739 2 7 2 2 2 2 2 4 7 1763 7332 2 122 2 32 974 4259 2 2263 2 1
0 0 0 0 0 0 0 0 0 0 0 0 0 0 0 839 2263 4 7 2 32 974 4259 2 2263 2 2263 4259 2263 2069 2 2 4739 2263 2 7 4739 2 2228 2263 122 3889 2263 2069 2 4 2 8415 974 2069 3837 2 2 4 2 7332 4739 2263 1498 974 32 2263 1498 2 2228 2 1498 974 2 8415 974 2069 122 4 2 2 2 2 2 2 1
0 0 0 0 0 0 0 0 0 0 0 0 0 0 0 0 2 2 2228 974 4259 2263 2 32 2 2345 4739 2 2263 2228 2 6362 974 2069 122 2 1498 2 8415 4739 974 2 32 2 3837 2263 4 2 32 974 4259 2 2263 4 2 2228 2 3837 2263 2 4 7332 2 2345 2263 2 6362 2 32 2 2 1498 122 2 2345 2069 2263 2263 122 2 1
0 0 0 0 0 0 0 0 0 0 0 0 3889 2069 2263 2 7 2 32 974 4259 2 2263 2 2 7332 2263 2069 1929 2263 2345 7 2228 3823 2 2345 2 4 7 2 2 8415 2 4 4739 2 7 4739 2263 3823 2 122 2 32 974 4259 2263 2 1929 974 2069 8415 2 2069 122 2 8415 2 7 4739 2 2 2 4 2263 5102 1763 2263 2228 2 1
0 0 0 0 0 0 0 0 7 4739 2263 2 1929 1763 1498 1498 3823 2 2228 2 1498 2263 4 7 4739 2263 2 1929 1763 1498 1498 3823 2 4 2345 2263 1498 2263 4 7 4739 2263 2 7332 1763 1498 3837 2263 122 2 2345 974 7332 4 7 4739 2263 2 4 2263 1145 3823 2 7 2263 2263 1498 2 3889 2263 2069 4 2 4739 2 4739 2 4739 2 4739 1
0 0 0 0 0 0 0 0 0 0 0 0 0 0 0 0 0 0 0 4 4739 974 1763 2228 122 2 839 2263 2 1929 2 2069 2263 122 2 2 1498 122 2 4 1763 2263 122 2 1929 974 2069 2 122 2263 4 7 2069 974 3823 2 1498 3889 2 6362 1763 4 7 2 2345 2263 2 2228 2263 2 3889 1763 2263 2 32 974 4259 2 2263 2 1
0 0 0 0 0 0 0 0 0 0 0 0 0 0 0 0 0 0 0 0 0 7 4739 2263 2 7332 2263 2069 1929 2263 2345 7 2 1929 2 2228 32 2 2 32 2 3889 2 1498 2 7 2 974 1498 8415 974 2069 2228 122 2 32 2 3837 2 1498 3889 2 2345 7 2 974 1498 2 8415 4739 2 7 2 2 2 1929 2 2228 32 2 1
0 0 0 0 0 0 0 0 0 0 2 1929 2 7 4739 2263 2 3889 974 2 2228 2 8415 2 4 2 32 2 3837 2 1498 3889 2 974 1498 2263 2 974 1929 2 7 4739 2263 2 8415 974 2069 4 7 2 32 974 4259 2 2263 2 974 1929 2 2 2 2 2 2 2 7 4739 2263 3823 2 1498 2 2 2228 2263 122 2 2 7 2 1
0 0 0 0 0 0 0 0 0 0 122 974 1498 2 7 2 32 2 4 4 2 7 4739 2 4 2 2345 2069 2 32 2263 2 32 974 4259 2 2263 2 974 1929 2 122 2263 1498 7146 2263 2228 2 8415 2 4 4739 2 1498 3889 7 974 1498 2 2 1498 122 2 6362 2 2069 2263 122 2 2228 2263 7 974 2 32 974 4259 2 2263 2 1
0 0 0 0 0 7 4739 2263 2 8415 974 32 2 1498 2 2 1498 2 7 4739 2263 2 32 974 4259 2 2263 2 7 2069 2 2263 122 2 4739 2263 2069 2 839 2263 4 7 2 7 974 2 2 4259 974 2 122 2 2345 2 2228 2228 2 1498 3889 2 2 2 7332 974 2228 2 2345 2263 2 1763 122 2 2 122 2 1763 122 2263 2 2 1
0 0 0 0 0 0 0 0 0 0 0 0 0 0 8415 2 7 2345 4739 2 1498 3889 2 3889 2069 2 4 4 2 3889 2069 974 8415 2 2 4 2 32 1763 2345 4739 2 839 2263 7 7 2263 2069 2 2 2 8415 2 7 2345 4739 2 1498 3889 2 7332 2 2 1498 7 2 122 2069 3823 2 2 4 2 839 2263 7 7 2263 2069 2 1
0 0 0 0 0 0 0 0 0 0 0 0 0 0 0 0 0 0 2263 1145 2345 2263 2228 2228 2263 1498 7 2 4 7 974 2069 3823 7 2263 2228 2228 2 1498 3889 2 2 4 1763 2069 2 3823 2 2 7332 2263 2069 1929 974 2069 32 2 1498 2345 2263 2 2 4 2 2 32 2 7146 2 1498 3889 2 2 4 2 1763 4 1763 2 2228 1
0 0 0 0 0 0 0 0 0 0 0 0 0 0 0 0 0 0 0 8415 4739 2 7 2 2 2 8415 2 4 7 2263 2 974 1929 2 7 2 32 2263 2 2 122 974 1498 2 7 2 839 974 7 4739 2263 2069 2 2 8415 4739 3823 2 2 4 2 7 4739 2263 2 2069 2 7 2 1498 3889 2 4 974 2 4739 2 3889 4739 1
0 0 0 0 0 0 0 0 0 0 0 0 0 0 0 0 2 1498 7 4739 974 1498 3823 2 4739 974 7332 3837 2 1498 4 2 2 4 2 7332 4739 2263 1498 974 1498 32 2263 1498 2 2228 2 2 2 2 2 2 2 839 2263 7 7 2263 2069 2 7 4739 2 1498 2 7 4739 2263 2 32 2 2069 4259 2263 2228 2 4 7 2 2069 1
0 0 0 0 0 0 0 0 0 0 0 839 974 2069 2 1498 3889 2 2 839 974 2069 2 1498 3889 2 2 839 974 2069 2 1498 3889 2 2 7 4739 974 1763 3889 4739 7 2 32 2 3823 839 2263 2 2 7 2 8415 974 1763 2228 122 2 3889 2263 7 2 839 2263 7 7 2263 2069 2 2 2 7 2 122 2 122 1498 2 7 2 1
0 0 0 0 0 0 0 0 0 0 0 0 0 0 0 0 0 0 0 0 0 0 0 0 0 0 0 2345 2 1498 2 4 974 32 2263 974 1498 2263 2 7332 2228 2263 2 4 2263 2 7 2263 2228 2228 2 32 2263 2 7 4739 2263 2 7332 974 2 1498 7 2 974 1929 2 7 4739 2 4 2 32 974 4259 2 2263 2 2 2 1
0 0 0 0 0 0 0 974 4259 2263 2069 2 2345 7 2 1498 3889 2 2 4739 122 2 4259 2263 122 2 974 2 2345 2 32 2 2 1498 122 2 1929 974 2069 2263 2 3889 1498 2 2228 974 2345 2 7 2 974 1498 2 3889 2 4259 2 1498 3889 2 2069 2 4 2263 2 7 974 2 4 1763 2345 4739 2 2069 2263 32 2 3837 2263 2 1
0 2 1929 7 2263 2069 2 8415 2 7 2345 4739 2 1498 3889 2 2 2 2 2 4739 974 1763 2069 2 2 2 2 2 2 2345 4739 974 974 4 2263 2 7 974 2 8415 2 7 2345 4739 2 974 2228 122 2 32 974 4259 2 2263 2 7 4739 2263 1498 2 2 2 3889 974 7 2 32 3823 2 32 2 1498 122 2 1929 2069 2263 4 4739 1
0 0 0 0 0 0 0 0 0 0 0 0 0 0 0 0 0 0 0 0 0 0 0 0 0 0 7 4739 2263 2 974 2069 2 3889 2 1498 2 2228 2 1929 2 2228 32 2 8415 2 4 2 32 1763 2345 4739 2 839 2263 7 7 2263 2069 2 2 1498 122 2 4739 2 122 2 32 974 2069 2263 2 2228 2 1763 3889 4739 4 2 1
0 0 0 0 0 0 0 0 0 0 0 0 0 0 0 0 0 0 0 0 0 0 0 0 0 0 0 0 1498 2263 7332 974 7 2 4 32 2 4739 2 4 2 2069 1763 2 1498 2263 122 2 7 4739 2263 2 839 974 2228 2228 3823 8415 974 974 122 2 2 3889 974 4259 2 1498 122 2 2 2 4 2 3889 2069 2263 2 7 2 1
0 0 0 0 0 0 0 0 0 0 0 0 0 0 0 0 0 0 0 8415 4739 3823 2 2069 2263 32 2 3837 2263 4 2 2 2 2 2 2 2 2 2 2 2 1498 122 2 7 4739 2263 4 2263 2 2 2345 7 974 2069 4 2 4739 2 4259 2263 2 7146 2263 2069 974 2 2 2345 7 2 1498 3889 2 4 3837 2 2228 2228 4 1
0 0 0 0 0 0 0 0 0 0 0 0 0 0 0 0 0 0 0 0 0 0 0 0 839 2263 4 7 2 839 974 2228 2228 3823 8415 974 974 122 2 32 974 4259 2 2263 2 2228 974 4259 2263 2 2263 4259 2263 2069 3823 7 4739 2 1498 3889 2 2263 4 7332 2263 2345 2 2228 2228 3823 2 7 4739 2263 2 32 1763 4 2 2345 1
0 0 0 0 0 0 0 0 0 0 0 0 0 0 0 0 0 0 0 7 4739 2 4 2 32 974 4259 2 2263 2 2 4 2 1498 974 7 2 2 2228 2228 2 8415 974 2069 7 4739 2 2 7 2 2 122 974 1498 2 7 2 8415 2 4 7 2263 2 3823 974 1763 2069 2 7 2 32 2263 2 974 1498 2 7 4739 2 4 1
0 0 0 0 0 0 0 0 0 0 0 0 0 0 0 0 0 0 0 0 0 0 0 0 0 0 6362 1763 4 7 2 122 974 1498 2 7 2 8415 2 4 7 2263 2 3823 974 1763 2069 2 7 2 32 2263 2 2 1498 122 2 32 974 1498 2263 3823 2 1929 974 2069 2 7 4739 2 4 2 1498 974 1498 4 2263 1498 4 2263 1
0 0 0 0 0 0 0 0 0 0 0 0 0 0 0 0 0 0 0 0 0 0 0 0 974 2069 2 3889 2 1498 2 2228 2 3837 2 1498 2345 4739 2 1498 2 2 2 4 2 2 2 2 2 7 2 32 2263 2 32 974 2069 2263 2 839 2263 7 7 2263 2069 2 7 4739 2 1498 2 7 4739 2 4 2 2 2 2 2 1
0 0 0 0 0 0 0 0 0 0 0 0 0 0 0 0 0 0 0 0 0 0 0 0 0 0 0 0 0 0 4 974 1763 7 4739 2263 2069 1498 2 32 2 3837 2263 2 8415 2 4 2 32 1763 2345 4739 2 839 2263 7 7 2263 2069 2 3837 2 1498 122 2228 3823 2 2345 974 7332 3823 2 7332 2069 974 7332 2263 2069 2228 3823 1
0 0 0 0 0 0 0 2 2 4 1763 3889 3889 2263 4 7 2 3823 974 1763 2 4 2 4259 2263 2 4 974 32 2263 2 7 2 32 2263 2 974 1929 2 3823 974 1763 2069 2 2228 2 1929 2263 2 2 1498 122 2 2 3889 1498 974 2069 2263 2 7 4739 2 4 2 32 974 4259 2 2263 2 2 2069 1763 839 839 2 4 4739 2 1
0 0 0 0 0 0 0 0 0 7 4739 2263 2 2 2345 7 1763 2 2228 2 32 974 4259 2 2263 2 8415 2 4 2 1929 2 2069 2 839 2263 7 7 2263 2069 2 7 4739 2 1498 2 7 4739 2 4 2 1145 2263 2069 974 1145 2 2345 974 7332 3823 2 2 1763 1498 1498 2263 2345 2263 4 4 2 2069 3823 2 4 974 1498 3889 4 1
0 0 0 0 3889 2069 2263 7 2 2 2 4 2 2 2 1929 974 2069 2345 2263 2 7 974 2 2069 2263 2345 3837 974 1498 2 8415 2 7 4739 2 2 4259 2263 2069 3823 2 2 1498 7 2263 2069 2263 4 7 2 1498 3889 2 2 1498 122 2 2 1498 4 7332 2 2069 2 1498 3889 2 2 2228 974 4259 2263 122 2 7 4739 2 4 2 1
7 4739 2263 2069 2263 2 4 2 4 974 2 32 1763 2345 4739 2 7 2 2228 2263 1498 7 2 974 1763 7 4 2 122 2263 2 4739 974 2228 2228 3823 8415 974 974 122 2 2 7 4739 2 7 2 4 2 2 2228 2228 2 2 2 4739 2 4259 2263 2 7 974 2 4 2 3823 2 1929 974 2069 2 7 4739 2 4 2 974 1498 2263 2 1
0 0 0 0 0 0 0 0 0 0 2345 2069 2263 2 7 2263 122 2 7 4739 2 4 2 2 2345 974 1763 1498 7 2 7 974 2 8415 2069 2 7 2263 2 7 4739 2 4 2 2069 2263 4259 2 2263 8415 2 2 974 1498 2263 2 974 1929 2 7 4739 2263 2 839 2263 4 7 2 32 974 4259 2 2263 4 2 2 122 2 32 1498 1
0 0 0 0 0 0 2 2 7332 2069 974 974 1929 2 7 4739 2 7 2 4739 1763 32 2 1498 2 7 3823 2 4 7 2 2228 2228 2 2263 1145 2 4 7 4 2 2 1763 1498 7332 2069 2263 122 2 2345 7 2 839 2228 2263 2 2 2263 1145 7332 2263 2345 7 2 7 4739 2263 2 1763 1498 2263 1145 7332 2263 2345 7 2263 122 2 2 1
0 0 0 0 0 0 0 0 0 0 0 0 6362 1763 4 7 2 839 2 122 2 2 2 2 1929 2263 2228 7 2 2 4 4739 2 32 2263 122 2 2 2 2 4 3837 2263 122 2 32 3823 2 4739 1763 4 839 2 1498 122 2 7 974 2 8415 2 7 2345 4739 2 7 4739 2 4 2 8415 2 7 4739 2 32 2263 2 2 2 1
0 0 0 0 0 0 0 0 0 0 0 0 0 0 0 0 0 0 2263 1145 2345 2263 2228 2228 2263 1498 7 2 2 2 1498 2345 2069 2263 122 2 839 2228 2263 2 2 2 32 2 7146 2 1498 3889 2 2 7 4739 2263 2 839 2263 4 7 2 1929 2 2228 32 2 2 4259 2263 2069 3823 2 3889 974 974 122 2 2 2 2 2 2 1
0 0 0 0 0 0 0 0 0 0 0 0 0 0 0 0 0 0 0 0 0 0 0 0 0 0 0 7 4739 2263 2 7 2069 1763 7 4739 2 4739 2 4 2 3889 974 974 122 2 2263 1145 2345 2263 2228 2228 2263 1498 7 2 5102 1763 2 2228 2 7 3823 2 8415 2 7 4739 974 1763 7 2 2 2 122 974 1763 839 7 2 1
0 0 0 0 0 0 0 0 7 4739 2 4 2 2 4 2 8415 974 1498 122 2263 2069 1929 1763 2228 2 32 974 4259 2 2263 2 1929 974 2069 2 1929 2 32 2 2228 3823 2 1929 2069 2 2263 1498 122 4 2 2 7 4 2 7 974 2 3889 974 974 122 2 8415 2 7 2345 4739 2 7 4739 2 4 2 32 974 4259 2 2263 2 1
2 7 2 2 4 2 2 2 4 1763 7332 2263 2069 2 7 2263 2345 4739 2 32 974 4259 2 2263 2 7 4739 2 7 2 7 2263 2228 2228 4 2 2 2 7332 2069 2263 4 2263 1498 7 2 8415 974 2069 2228 122 2 4 2 4 2 7 1763 2 7 2 974 1498 2 2 1498 122 2 122 2263 4259 2263 2228 974 7332 32 2263 1498 7 2 1
0 0 0 0 0 0 0 0 0 0 0 0 4259 2263 2069 3823 2 2 1498 7 2263 2069 2263 4 7 2 1498 3889 2 32 974 4259 2 2263 2 2 2 122 2263 1929 2 1498 2 7 2263 2228 3823 2 2 2 8415 2 2228 2228 2 8415 2 7 2345 4739 2 2 7 2 2 3889 2 2 1498 2 2 1498 122 2 2 3889 2 2 1498 2 1
0 0 0 0 0 0 4259 2263 2069 3823 2 3889 974 974 122 2 32 974 4259 2 2263 2 2 2 2 2263 1145 2345 2263 2228 2228 2263 1498 7 2 2 1498 7 2069 974 122 1763 2345 7 2 974 1498 2 2 2 2 2 2 2228 2 3837 2263 2 7 4739 2 4 2 32 974 4259 2 2263 2 4259 2263 2069 3823 2 32 1763 2345 4739 2 2 1
0 0 0 0 0 0 0 0 0 0 0 0 0 0 0 2 2 3889 2069 2263 2 7 2 32 974 4259 2 2263 2 7 4739 2263 2 8415 4739 974 2228 2263 2 1929 2 32 2 2228 3823 2 2345 2 1498 2 2263 1498 6362 974 3823 2 2 2 2 2069 2263 2 2228 2 1929 2263 2263 2228 2 3889 974 974 122 2 32 974 4259 2 2263 2 1
0 0 0 0 0 0 0 0 0 2228 974 4259 2263 122 2 7 4739 2 4 2 32 974 4259 2 2263 2 2 3889 2069 2263 2 7 2 4739 2263 2 2069 7 2 8415 2 2069 32 2 1498 3889 2 32 974 4259 2 2263 2 7 4739 2263 2 8415 4739 974 2228 2263 2 1929 2 32 2 2228 3823 2 2345 2 1498 2 2263 1498 6362 974 3823 2 1
0 0 0 0 0 0 0 0 0 0 0 0 0 0 0 0 1498 2 2345 2263 2 32 974 4259 2 2263 2 7 4739 2 7 2 2 2 4739 2 4259 2263 2 2263 4259 2263 2069 2 4 2263 2263 1498 2 2 2345 974 1498 7 2263 1498 7 2 2 4 2 4 1763 7332 2263 2069 839 2 1763 122 2 2 122 2 1763 122 2263 2 2 2 1
0 0 0 0 0 0 0 0 0 0 0 0 0 0 0 0 0 0 0 0 0 0 0 0 0 0 0 32 974 2069 2263 2 7 4739 2 1498 2 2 2 2228 2 1498 2263 4 2 2 4 2 2 2 2228 974 7 2 7 974 2 8415 2069 2 7 2263 2 2 839 974 1763 7 2 7 4739 2 4 2 32 974 4259 2 2263 2 1
0 0 0 0 0 0 0 0 0 0 0 0 0 0 0 0 3889 2069 2263 4 7 2 32 974 4259 2 2263 2 1929 974 2069 2 1929 2 32 2 2228 3823 2 8415 2263 2 2228 974 4259 2263 2 7 4739 2 4 2 32 974 4259 2 2263 2 2 7 4739 2 1498 3837 2 3823 974 1763 2 4259 2263 2069 3823 2 32 2 1763 2345 4739 2 1
0 0 0 0 0 0 0 0 0 0 0 0 0 2 2 4 7 2 2069 2 2 2 2 122 974 1498 7 2 2228 2 3837 2263 2 2 7 2 2 2 4 2 4739 974 2069 2069 2 839 2228 2263 2 2 2 2 2228 974 4 7 2 32 3823 2 4739 974 7332 2263 2 1929 974 2069 2 7 4739 2263 2 2345 2 1498 2263 32 2 2 1
0 0 0 0 0 0 0 0 0 0 0 0 0 0 0 0 0 0 0 0 0 0 0 0 0 2263 4259 2263 2069 3823 2 8415 974 2069 122 2 2 4 2 4 1763 7332 2263 2069 1929 2228 1763 974 1763 4 2 2 2 2 2345 2 1498 2 8415 2 7 2345 4739 2 974 4259 2263 2069 2 2 1498 122 2 974 4259 2263 2069 2 2 2 1
0 0 0 0 0 0 0 0 0 0 0 0 0 0 0 0 2 1498 2 2 1498 2345 2069 2263 122 2 839 2228 2263 2 4 7 974 2069 3823 2 2 839 974 1763 7 2 4739 974 2069 2069 974 2069 4 2 2 1498 2 7 4739 2263 2 2 2 2 8415 974 2069 2228 122 2 8415 2 2069 2 2 32 1763 4 7 2 4 2263 2263 2 1
0 32 1763 4 7 2 4 2263 2263 2 2 2 839 4 974 2228 1763 7 2263 2228 3823 2 4 7 1763 1498 1498 2 1498 3889 2 32 974 4259 2 2263 2 8415 2 7 4739 2 2263 4259 2263 1498 7 4 2 7 4739 2 7 2 4 4739 974 1763 2228 122 2 1498 2263 4259 2263 2069 2 839 2263 2 1929 974 2069 3889 974 7 7 2263 1498 2 1
0 0 0 0 0 0 0 0 0 0 0 0 0 0 0 0 0 0 0 0 0 0 0 0 0 7332 2 2 1498 1929 1763 2228 2228 2 7 2069 1763 7 4739 2 1929 2069 974 32 2 122 2 2069 3837 2 2 3889 2263 4 2 8415 2 7 2345 4739 2 32 2 4 1498 2 7 2 839 2263 2 1929 974 2069 3889 974 7 7 2263 1498 1
0 0 0 0 0 0 0 0 0 0 0 0 0 0 0 0 0 0 0 0 0 0 0 0 0 2 2069 974 1763 1498 122 2 2 2 2 3837 2 4 2263 2069 839 2 2 1498 2 4259 2 2345 7 2 32 4 2 2 7 4739 2 7 4 2 7332 2069 2 2345 2263 2 974 1929 2 7 4739 2 4 2 32 974 4259 2 2263 2 1
0 0 0 0 0 0 0 0 0 0 0 0 0 0 0 0 0 0 0 0 0 4 7 974 2069 3823 2 7 4739 2 7 2 32 1763 4 7 2 839 2263 2 4739 2263 2 2069 122 2 2 4259 2263 2069 3823 2 8415 2263 2228 2228 2 122 974 1498 2263 2 32 974 4259 2 2263 2 2 32 1763 4 7 2 8415 2 7 2345 4739 2 1
0 0 0 0 0 0 0 0 0 0 0 0 0 0 0 0 0 0 0 0 0 0 0 0 0 0 0 0 0 0 839 2 4 2263 122 2 974 1498 2 2 2 7 2069 1763 2263 2 4 7 974 2069 3823 2 839 1763 7 2 4 2 122 2228 3823 2 2 7 2 8415 2 4 2 2263 4259 2263 1498 2 8415 974 2069 4 2263 2 1
0 0 0 0 0 0 0 0 0 0 0 0 0 0 0 0 0 0 0 0 0 0 2345 974 1763 2228 122 1498 2 7 2 4 7 974 7332 2 2345 2069 3823 2 1498 3889 2 2 2 7 2069 1763 7 4739 2 2 839 974 1763 7 2 7 4739 2263 2 2345 2069 974 2 7 2 2 1498 2 3889 2263 1498 974 2345 2 122 2263 2 2 1
0 0 3889 2263 1498 974 2345 2 122 2263 2 2345 2 1498 1498 974 7 2 839 2263 2 1929 974 2069 3889 974 7 2263 1498 2 2 7 4739 2263 2 7 2069 1763 7 4739 2 2 4 2 1929 2 1498 2 2228 2228 3823 2 974 1763 7 2 1929 974 2069 2 2 2228 2228 2 8415 974 2069 2228 122 2 7 974 2 4 2263 2263 2 2 7 2 1
0 0 0 0 0 0 0 0 0 0 0 0 0 0 0 0 7 4739 2263 2 839 2263 4 7 2 32 974 4259 2 2263 2 2 839 974 1763 7 2 4 2263 2069 839 2 2 1498 2 7332 2 2 1498 1929 1763 2228 2 4739 2 4 7 974 2069 3823 2 2 4739 2 3889 4739 2228 3823 2 2069 2263 2345 974 32 32 2263 1498 122 2263 122 1
0 0 0 0 0 0 0 0 0 0 0 0 0 0 0 0 7 4739 2263 2 1929 2 2228 32 2 2 4 2 839 2 4 2263 122 2 974 1498 2 2 2 7 2069 1763 2263 2 2263 4259 2263 1498 7 2 7 4739 2263 2 8415 974 2069 2228 122 2 32 1763 4 7 2 3837 1498 974 8415 2 7 4739 2263 2 7 2069 1763 7 4739 2 1
839 2263 2345 2 1763 4 2263 2 2 7 2 2 4 2 839 2 4 2263 122 2 974 1929 2 7 4739 2263 2 7 2069 1763 2263 2 2263 4259 2263 1498 7 4 2 2 7 2 32 2 3837 2263 4 2 2 7 2 4 2345 2 2069 2 2263 2069 2 7 4739 2 1498 2 2 1498 3823 2 4739 974 2069 2069 974 2069 2 32 974 4259 2 2263 1
0 0 0 0 0 0 0 0 0 0 0 0 0 0 0 0 0 0 974 122 2228 2 2345 2 1498 2 1929 2 2228 32 2 2 2 4 7 974 2069 2 6362 4 3837 2 2 7 2 2345 2 1498 2 2 974 122 2228 2 2345 2 1498 2 1929 2 2228 32 2 2 2 4 7 974 2069 2 6362 4 3837 2 2 7 2 2345 2 1498 1
0 0 0 0 0 0 0 0 0 0 0 0 0 0 0 0 0 0 0 0 0 0 0 1929 2 1498 2 2228 2228 3823 2 4 974 32 2263 974 1498 2263 2 7 974 2 7 2263 2228 2228 2 2 2 7 2069 1763 2263 2 4 7 974 2069 3823 2 2 839 974 1763 7 2 8415 4739 2 7 2 4739 2 7332 7332 2263 1498 2263 122 2 1
0 0 0 0 0 0 0 0 0 0 0 0 0 0 0 0 0 0 0 0 0 0 0 0 0 0 0 0 2 2 32 2 3889 2228 2 122 2 4 974 32 2263 839 974 122 3823 2 2 4 2 1929 2 1498 2 2228 2228 3823 2 7 2263 2228 2228 2 1498 3889 2 7 2069 1763 2263 2 2 839 974 1763 7 2 7 4739 2 4 1
0 0 0 0 0 0 0 0 0 0 0 0 0 0 0 0 0 0 0 0 0 0 0 0 0 7 4739 2263 2 7 2 32 2263 2 4739 2 4 2 2345 974 32 2263 2 1929 974 2069 2 7 2069 1763 7 4739 2 7 974 2 2345 974 32 2263 2 974 1763 7 2 7 974 2 7 4739 2263 2 8415 974 2069 2228 122 2 2 2 1
0 0 0 0 0 0 0 0 0 0 0 0 0 0 0 0 0 0 0 0 0 4 2 122 2 7 2069 1763 2263 2 4 7 974 2069 3823 2 2 2 2 2263 1145 2345 2263 2228 2228 2263 1498 7 2 1929 2 2228 32 2 2 2 2 7332 2228 2263 2 4 2263 2 8415 2 7 2345 4739 2 7 4739 2 4 2 1929 2 2228 32 2 1
0 0 0 0 0 0 0 0 0 0 0 0 0 0 0 0 0 0 0 0 0 0 0 0 0 0 0 839 2263 2 1763 7 2 1929 1763 2228 2228 3823 2 122 974 1498 2263 2 2 2 2 1498 4 7332 2 2069 2263 122 2 839 3823 2 7 2069 1763 2263 2 2263 4259 2263 1498 7 4 2 32 1763 4 7 2 4 2263 2263 2 2 1
0 0 0 0 0 0 0 0 0 0 0 0 0 0 0 0 0 0 0 0 0 0 0 0 0 0 0 0 0 0 2228 974 7 2 974 1929 2 7332 2263 7332 2228 2263 2 32 1763 4 7 2 4 2263 2263 2 7 4739 2 4 2 32 974 4259 2 2263 2 2 2069 2263 2 2228 2 4 7 2 2345 2 4 7 974 2069 3823 2 1
0 0 0 0 0 0 0 0 0 0 0 0 0 0 0 0 0 0 0 1929 2 1498 1498 2 2228 3823 2 1929 974 2069 2 7 4739 2263 2 8415 974 2069 2228 122 2 7 974 2 3837 1498 974 8415 2 7 4739 2263 2 2069 2263 2 2228 2 7 2069 1763 7 4739 2 2 839 974 1763 7 2 6362 2 4 2263 1498 974 4259 2 2345 2 1
0 0 0 0 0 0 0 0 0 0 0 0 0 0 0 0 0 0 0 2069 2263 2 2228 2 4 7 2 2345 2 2 1498 122 2 7 2069 1763 2263 2 4 7 974 2069 3823 2 2 974 1929 2 8415 8415 2 2 2 1498 2 3823 1763 3889 974 4 2228 2 4259 2 2 2 2 4 2 122 2 839 1763 7 2 7 2069 1763 2263 2 1
0 0 0 0 0 0 0 0 0 0 0 0 0 0 0 0 0 0 0 1929 2 1498 2 2228 2228 3823 2 3889 974 974 122 2 1929 2 2228 32 2 2 839 974 1763 7 2 2 2 3889 2263 1498 974 2345 2 122 2263 2 2345 974 32 32 2 7 2263 122 2 839 3823 2 2345 2069 974 2 7 2 2 1498 2 1498 2 7146 2 4 1
0 0 0 0 0 0 0 0 0 0 4 974 2228 2 122 2 2 2 2 2 2 2 32 974 4259 2 2263 2 1929 2 1498 2 2228 2228 3823 2 7 4739 2263 2 7 2069 1763 7 4739 2 2345 2 1498 2 839 2263 2 4 2263 2263 1498 2 7 4739 2069 974 1763 3889 4739 974 1763 7 2 7 4739 2 4 2 32 974 4259 2 2263 2 1
0 0 0 0 0 0 0 0 0 0 0 0 0 0 0 0 0 0 0 0 0 0 0 122 2 2069 2 2 974 1929 2 6362 2 4 2263 1498 974 4259 2 2345 2 2 2 122 2263 2263 7332 2228 3823 2 7332 974 8415 2263 2069 1929 1763 2228 2 2 1498 122 2 32 974 4259 2 1498 3889 2 8415 2 2069 2 122 2069 2 32 2 2 1
0 0 0 0 0 0 0 0 0 0 0 0 0 0 0 0 0 0 32 1763 4 7 2 8415 2 7 2345 4739 2 2 8415 2263 2 4 4739 974 1763 2228 122 2 1498 2263 4259 2263 2069 2 1929 974 2069 3889 2263 7 2 2 839 974 1763 7 2 7 4739 2 7 2 7332 2 2069 7 2 974 1929 2 4739 2 4 7 974 2069 3823 2 1
0 0 0 0 0 2 4 2 2 2 7332 974 2228 2 4 4739 2 2 2 2 2 32 2 3889 2228 2 122 2 7 4739 2 7 2 8415 974 2069 2228 122 2 8415 974 1763 2228 122 2 1929 2 1498 2 2228 2228 3823 2 839 2263 2 2 839 2228 2263 2 7 974 2 4 2263 2263 2 2345 2069 1763 2263 2228 2 7 2069 1763 7 4739 2 1
0 0 0 0 0 0 0 0 0 0 0 0 0 0 0 0 0 0 0 5102 1763 2 7 2263 2 2 1498 7 2263 2069 2263 4 7 2 1498 3889 2 1929 2 2345 7 2 7 4739 2 7 2 32 974 4259 2 2263 2 2 4 2 7 4739 2 4 2 7332 2263 2069 1929 2263 2345 7 2228 3823 2 839 2 2228 2 1498 2345 2263 122 2 1
0 0 0 0 0 0 0 0 0 0 0 0 0 0 0 3889 2069 2263 2 7 2 32 974 4259 2 2263 2 2 839 974 1763 7 2 6362 2 4 2263 1498 974 4259 2 2345 2 2 4739 974 7332 2263 2 7 4739 2263 2 2069 2263 4 7 2 974 1929 2 7 4739 2263 2 8415 974 2069 2228 122 2 4 2263 2263 2 7 4739 2 4 2 1
0 0 0 0 0 0 0 0 0 0 0 0 0 0 0 0 0 0 0 0 0 0 0 0 0 0 3889 2069 2263 2 7 2 2 1498 122 2 2 32 2 7146 2 1498 3889 2 1929 2 2228 32 2 2 4 6362 2 6362 2 1498 2 1929 2 2228 32 2 2 4259 2263 974 32 2 2 4259 2 7146 1498 2 2 7 2263 32 2 2 1
0 0 0 0 0 0 0 0 0 0 7 4739 2 4 2 2 4 2 7 2069 1763 2263 2 122 2263 7332 2 2345 7 2 974 1498 2 974 1929 2 8415 4739 2 7 2 4739 2 7332 7332 2263 1498 122 2 122 1763 2069 2 1498 3889 2 8415 8415 2 2 2 1498 2 1498 974 8415 2 122 2 3823 4 2 2345 2069 974 2 7 2 2 2 1
0 2263 4259 2263 2069 3823 974 1498 2263 2 8415 2 2228 2228 2 4 2263 2263 2 8415 4739 2 7 2 2069 2263 2 2228 2228 3823 2 4739 2 7332 7332 2263 1498 2263 122 2 2 1498 122 2 8415 4739 2 7 2 7 4739 2263 2069 2263 2 2 4 2 32 2 7 2263 2069 2 2 2228 2 2263 4259 2 122 2263 1498 2345 2263 2 1929 974 2069 2 1
0 0 0 0 0 0 0 0 0 0 0 0 0 0 0 0 0 0 0 0 0 0 7 2069 1763 2263 2 4 7 974 2069 3823 2 2 1498 122 2 2069 2263 32 2 1498 122 2263 2069 2 7 4739 2 7 2 1498 974 7 4739 2 1498 3889 2 4 2 32 2 2228 2 2069 2 2263 4259 2263 2069 2 4739 2 7332 7332 2263 1498 4 2 1
0 0 0 0 0 0 0 0 0 0 0 0 0 0 7 4739 2 4 2 1929 2 2228 32 2 2 4 2 7 4739 2263 2 7 2069 1763 2263 2 2 839 974 1763 7 2 7 4739 2263 2 4 2263 2345 974 1498 122 2 8415 974 2069 2228 122 2 8415 2 2069 2 2 1498 2 2263 1145 2 3823 1763 3889 974 4 2228 2 4259 2 2 2 1
0 0 0 0 0 0 0 0 0 0 0 0 0 0 0 0 0 0 0 0 0 0 0 0 0 0 4739 2 4 7 974 2069 2 2345 2 2228 2 1929 2 2345 7 4 2 2 7 4739 2 4 2 32 974 4259 2 2263 2 2 4 2 2 839 974 1763 7 2 8415 2 2069 2 2345 2069 2 32 2263 4 2 32 2 122 2263 2 1
0 0 0 0 0 0 0 0 0 3823 974 1763 2 32 1763 4 7 2 8415 2 7 2345 4739 2 1929 2 2228 32 2 2 3823 974 1763 2 8415 2 2228 2228 2 2228 2263 2 2069 1498 2 2069 2263 2 2228 2 7 2069 1763 7 4739 2 2 839 974 1763 7 2 839 2 2228 3837 2 1498 2 4 2 2 1763 4 2345 4739 8415 2 7 7146 1
0 0 0 0 0 0 0 0 0 0 0 0 0 0 0 0 0 0 0 0 0 0 0 0 0 0 0 2 7 2 4 2 1498 2263 4259 2263 2069 2 7 974 974 2 2228 2 7 2263 2 1929 974 2069 2 4 974 32 2263 7 4739 2 1498 3889 2 2228 2 3837 2263 2 7 4739 2 4 2 2 2 2 1929 2 2345 7 4 2 1
0 0 0 0 0 0 0 0 0 0 0 0 0 0 0 0 0 0 0 0 3889 2069 2263 2 7 2 32 974 4259 2 2263 2 2 2 2 4259 2263 2069 3823 2 122 2263 2228 2 2345 2 7 2263 2 4 7 974 2069 3823 2 2 839 974 1763 7 2 7332 2263 974 7332 2228 2263 2 2 1498 2 6362 2 4 2263 1498 974 4259 2 2345 1
0 0 0 0 0 0 0 0 0 0 0 0 0 0 0 0 0 0 0 0 0 1929 2 2228 32 2 2 1498 4 7332 2 2069 2263 122 2 839 3823 2 974 1498 2263 2 974 1929 2 7 4739 2263 2 8415 974 2069 4 7 2 32 974 32 2263 1498 7 4 2 2 1498 2 4739 1763 32 2 1498 2 4739 2 4 7 974 2069 3823 2 1
0 0 0 0 0 0 0 0 0 0 0 0 0 0 0 0 0 0 0 0 0 0 2263 1145 2345 2263 2228 2228 2263 1498 7 2 32 974 4259 2 2263 2 2 8415 974 2069 7 4739 2 7 974 2 8415 2 7 2345 4739 2 2 839 2 4 2263 122 2 974 1498 2 7 4739 2263 2 7 2069 1763 7 4739 2 4 7 974 2069 3823 2 1
0 0 0 0 4259 2263 2069 3823 2 4259 2263 2069 3823 2 3889 974 974 122 2 32 974 4259 2 2263 2 8415 2 7 4739 2 2 2 2069 2263 2 2228 2 4739 2 4 7 974 2069 3823 2 1929 2 2345 7 4 2 2 2 2 32 1763 4 7 2 4 2263 2263 2 2 2069 2263 2345 974 32 2263 1498 122 2 7 974 2 2 2228 2228 2 1
0 0 0 0 0 0 0 0 0 0 0 0 0 0 0 0 0 0 0 1929 2 1498 2 2228 2228 3823 2 4 974 32 2263 2 7 2069 1763 7 4739 2 7 4739 2 7 2 7 4739 2263 2 32 2 4 4 2 32 2263 122 2 2 2 8415 2 2228 2228 2 1498 2263 4259 2263 2069 2 7 2 2228 3837 2 2 839 974 1763 7 2 1
0 0 0 0 2 2 2069 2263 2345 974 32 32 2263 1498 122 2 2263 4259 2263 2069 3823 974 1498 2263 2 7 974 2 7 2 3837 2263 2 2 2 2228 974 974 3837 2 839 2263 2345 2 1763 4 2263 2 1929 2 2228 32 2 2 4 2 2 1498 4 7332 2 2069 2263 122 2 839 3823 2 7 2069 1763 2263 2 2263 4259 2263 1498 7 4 2 1
0 0 0 0 0 0 0 0 0 0 0 0 0 0 0 0 0 0 0 0 0 0 0 0 4739 974 1498 2263 4 7 2 2 1498 122 2 2345 2069 2263 2 7 2263 2 32 974 4259 2 2263 2 2 2 2 4739 974 7332 2263 2 7 4739 2 7 2 7 4739 2263 2 8415 4739 974 2228 2263 2 8415 974 2069 2228 122 2 8415 2 2228 1
0 0 0 0 0 0 0 0 0 0 0 0 0 0 0 0 0 0 0 0 0 0 0 0 0 0 32 974 4259 2 2263 2 2 839 974 1763 7 2 3889 2263 1498 974 2345 2 122 2263 2 2 2345 2069 974 2 7 4 2 2 1763 4 7 2 4 4739 2263 2 2 2 122 2 122 2 1763 7332 974 1498 2 4 2263 2069 839 4 1
0 0 0 0 0 0 0 0 0 0 8415 974 974 974 8415 2 2 2 2 32 974 4259 2 2263 2 8415 974 2069 7 4739 2 2228 974 974 3837 2 1498 3889 2 2 7 2 2 1498 122 2 4 2263 2263 2 1498 3889 2 7 4739 2263 2 974 7 4739 2263 2069 2 4 2 122 2263 2 974 1929 2 7 4739 2263 2 4 7 974 2069 3823 1
0 0 4739 2263 2 2069 7 839 2069 2263 2 3837 2 1498 3889 2 4 7 974 2069 3823 2 2 8415 2 7 4739 2 2 1498 2 2 1498 4 2 3889 4739 7 2 7 974 2 8415 4739 2 7 2 4739 2 7332 7332 2263 1498 2263 122 2 122 1763 2069 2 1498 3889 2 8415 8415 2 2 2 1498 2 6362 2 4 2263 1498 974 4259 2 2345 2 1
0 0 0 0 0 0 0 0 0 0 0 0 0 0 0 0 0 0 0 0 0 0 0 0 7 4739 2263 2 32 974 4 7 2 2 32 7332 974 2069 7 2 1498 7 2 32 974 4259 2 2263 2 2 839 974 1763 7 2 8415 8415 2 2 3823 974 1763 2 2228 2228 2 4 2263 2263 2 7 4739 2 4 2 3823 2263 2 2069 2 1
0 0 0 0 0 0 0 0 0 0 0 0 0 0 0 0 0 0 0 0 0 0 0 0 4 2 122 2 4 7 974 2069 3823 2 2 839 974 1763 7 2 8415 4739 2 7 2 4739 2 7332 7332 2263 1498 2263 122 2 2 1498 2 839 2 2228 3837 2 1498 2 974 1498 2 8415 8415 2 2 2 32 1763 4 7 2 4 2263 2263 1
0 0 0 0 0 0 0 0 0 0 0 0 0 0 0 0 0 0 0 0 0 0 0 0 0 3823 974 1763 2 2345 2 1498 2 7 2 4739 2 122 2263 2 7 4739 2263 2 7 2069 1763 7 4739 2 2 1498 122 2 7 2069 1763 7 4739 2 8415 2 2228 2228 2 2 2228 8415 2 3823 4 2 3889 2263 7 2 3823 974 1763 2 1
0 0 0 0 0 0 0 0 0 0 0 0 0 0 2263 32 974 7 2 974 1498 2 2228 2 4 7 974 2069 3823 2 2 839 974 1763 7 2 4 1763 1929 1929 2263 2069 2 1498 3889 2 2 1498 2 2345 2069 974 2 7 2 2 1498 2 1498 2 7146 2 2 4 7 2 7 2263 2 122 1763 2069 2 1498 3889 2 8415 8415 2 2 1
0 0 0 0 0 7 4739 2263 2 4 7 974 2069 3823 2 974 1929 2 7 4739 2 4 2 1929 2 2228 32 2 2 4 2 122 2 4 7 1763 2069 839 2 1498 3889 2 2 2 7 2 4 2 2 2 3889 2069 2263 2 7 2 32 974 4259 2 2263 2 2 1929 1763 2228 2228 2 974 1929 2 2263 32 974 7 2 974 1498 4 2 1
0 0 2 32 2 7146 2 1498 3889 2 2 7 2 2 4 2 4 974 2 4 974 2 3889 974 974 122 2 2 2 2 2 2 2 2 2069 2263 2 2228 2228 3823 2 2263 1498 6362 974 3823 2263 122 2 2 7 2 2 2 7 2 2069 2263 2 2228 2228 3823 2 4 4739 974 8415 2 7 4739 2263 2 4739 2 4 7 974 2069 3823 2 1
0 0 0 0 0 0 0 0 0 0 4 7 974 2069 3823 2 2 4 2 4259 2263 2069 3823 2 7332 974 974 2069 2 2 32 974 4259 2 2263 2 2 4 2 7 974 2 2228 974 1498 3889 2 1763 122 2 2 122 2 1763 122 2263 2 2 2 974 1498 2228 3823 2 839 3889 32 2 2 4 2 4259 2263 2069 3823 2 3889 974 974 122 1
0 0 0 0 0 0 0 0 0 0 0 0 0 0 3837 2 2228 2228 2263 2069 2 4 4739 974 8415 2 2 7 4739 2263 2 839 2 4 4 2 4 974 2228 974 2 7 2069 2 839 1763 7 2263 2 7 974 2 2345 2228 2 1929 1929 2 839 1763 2069 7 974 1498 2 8415 2 4 2 2 1498 2345 2069 2263 122 2 839 2228 2263 2 1
0 0 0 0 0 0 7332 2263 974 7332 2228 2263 2 7 4739 2 1498 3837 2 7 4739 2 4 2 8415 2 4 2 4 1763 7332 7332 974 4 2263 122 2 7 974 2 839 2263 2 2 2 122 974 2345 1763 32 2263 1498 7 2 2069 3823 2 974 2069 2 4 974 32 2263 7 4739 2 1498 3889 2 2 2 7 2 4 2 1498 974 7 2 1
0 0 0 0 0 0 0 0 0 0 0 0 0 7 2 3837 2263 2 2 7 2 1929 974 2069 2 8415 4739 2 7 2 2 7 2 2 4 2 2 2 2 4 7 2263 2 32 3823 2 1929 974 2069 2263 2 3889 1498 2 32 974 4259 2 2263 2 2 2 2 7 4739 2 1498 3837 2 2 7 2 4 2 3889 2069 2263 2 7 2 1
0 0 0 0 0 0 0 0 0 0 0 0 0 0 0 0 0 0 2 839 4 974 2228 1763 7 2263 2 122 2 4 3889 2069 2 2345 2263 2 2 4 2 2 2 1929 2 2228 32 2 2345 2228 2 2 32 2 1498 3889 2 7 974 2 839 2263 2 839 2 4 2263 122 2 974 1498 2 7 2069 1763 2263 2 4 7 974 2069 3823 1
0 0 0 0 0 0 0 0 0 0 0 0 0 0 0 7 974 7 2 2228 2228 3823 2 974 1763 7 2 974 1929 2 7332 2228 974 7 2 2 122 2 122 2 1498 974 7 2 4 4739 974 8415 2 2069 2263 2 2228 2 7332 2228 2 3889 4739 7 2 974 1929 2 3837 2 4 4739 32 2 2069 2 2 7332 2 1498 122 2 7 4 1
0 0 0 0 0 0 0 0 0 0 0 0 0 0 0 0 0 0 0 0 0 0 4259 2263 2069 3823 2 3889 974 974 122 2 32 974 4259 2 2263 2 2 2 2228 2 3837 2263 2 2 7 2 4259 2263 2069 3823 2 32 1763 2345 4739 2 32 2 3837 2263 2 4 1763 2069 2263 2 3823 974 1763 2 8415 2 7 2345 4739 2 2 7 1
0 0 0 0 0 0 0 0 0 0 0 0 0 0 0 0 0 0 0 2 2 4259 2263 2069 3823 2 3889 974 974 122 2 32 974 4259 2 2263 2 2 2 2 4739 974 7332 2263 2 7 4739 2 4 2 4 7 974 2069 3823 2 32 2263 2 1498 4 2 7 974 2 3837 1498 974 8415 2 7 4739 2263 2 7 2069 1763 7 4739 2 1
0 0 0 0 0 0 0 0 0 0 0 0 0 0 0 0 0 0 0 0 0 0 0 0 0 0 0 0 0 32 974 4259 2 2263 2 2 4 2 2069 2263 2 2228 2 4 7 2 2345 2 2 1498 122 2 4 4739 974 8415 2 1498 3889 2 7 4739 2263 2 7 2069 1763 7 4739 2 974 1929 2 3837 2 4 4739 32 2 2069 1
0 0 0 0 0 0 7 4739 2263 2 839 2263 4 7 2 2069 974 32 2 1498 2 2 1498 2 2345 974 32 2263 122 3823 2 32 974 4259 2 2263 2 2 2345 974 1498 3889 2069 2 7 4 2 7 974 2 32 2 7 2263 2 2 122 2 32 2 2 2 1498 122 2 2345 974 122 2 1498 2 32 2 7 2 2345 2 1763 2345 2 1
0 0 0 0 0 0 0 0 0 0 0 0 2 2 8415 2 4 2 4 974 2 2 32 7332 2069 2263 4 4 2263 122 2 7 4739 2 7 2 7 4739 2 4 2 2345 974 32 2263 122 3823 2 2 4 2 32 2 122 2263 2 839 3823 2 2069 974 32 2 1498 2 2 1498 4 2 2 3889 974 974 122 2 8415 974 2069 3837 2 1
0 0 0 0 0 0 0 0 0 0 0 0 0 0 0 0 0 0 0 0 0 0 0 0 839 2 3889 2 2228 2 3837 2263 2 2 2345 974 32 2263 122 3823 2 7 974 2 7 4739 2263 2 1498 2263 1145 7 2 2228 2263 4259 2263 2228 2 2 32 1763 4 7 2 4 2263 2263 2 7 4739 2 4 2 32 974 4259 2 2263 2 1
0 0 0 0 0 0 0 0 0 0 2 2 7 4739 2 1498 3837 2 7 4739 2 4 2 32 974 4259 2 2263 2 4 1763 1929 1929 2263 2069 2263 122 2 1929 2069 974 32 2 2228 2 2345 3837 2 974 1929 2 2 2 3889 974 974 122 2 4 2345 2069 2 7332 7 2 2 1498 122 2 839 2 122 2 2 2345 7 2 1498 3889 2 1
0 0 0 0 0 0 0 0 2 7 2 3837 2 1498 122 2 974 1929 2 8415 2 4 2 1498 974 7 2 3889 974 974 122 2 2 2 2 122 2 122 2 1498 974 7 2 2228 2 3837 2263 2 2 7 2 2 2228 2263 2 4259 2 1498 3889 2 1498 2263 4259 2263 2069 2228 2 1498 122 2 2 4 2 839 2263 7 7 2263 2069 2 1
0 0 2 2 839 974 1763 3889 4739 7 2 7 4739 2263 2 1929 2 2228 32 2 1929 974 2069 2 32 3823 2 32 1763 4 2 2345 2 2345 974 2228 2228 2263 2345 7 2 974 1498 2 2 8415 974 1498 122 2263 2069 1929 1763 2228 2 2 122 122 2 7 2 974 1498 2 2 2 2 6362 1763 4 7 2 2228 974 4259 2263 2 2 7 2 1
0 0 0 0 0 0 0 0 0 0 0 122 974 2 1498 974 7 2 8415 2 4 7 2263 2 2 2 2 2 4739 974 1763 2069 4 2 974 1929 2 3823 974 1763 2069 2 7 2 32 2263 2 974 1498 2 7 4739 2 4 2 32 2 1498 122 2228 2263 4 4 2 8415 2 4 7 2263 2 974 1929 2 2345 2 1498 2263 32 2 2 1
0 0 0 0 0 839 1763 1498 2345 4739 2 974 1929 2 2345 2069 2 7146 3823 2 7332 7332 2228 2 8415 4739 974 2 2 2069 2263 2 4 974 2 122 2263 2228 1763 4 2 974 1498 2 2228 2 7 4739 2263 3823 2 1498 2263 2263 122 2 4 2263 2069 2 974 1763 4 2 4739 2263 2228 7332 2 1763 122 2 2 122 2 1763 122 2345 2 122 1
0 0 0 0 0 0 0 0 0 0 0 0 0 0 0 0 0 0 0 0 0 2345 974 32 7332 2228 2263 7 2263 2 1498 974 1498 4 2263 1498 4 2263 2 2 2345 974 1498 4 7332 2 2069 2 2345 3823 2 2 7 2 2 7 2 4 2 1929 2 1498 2263 4 7 2 2 1763 1498 839 2263 2228 2 2263 4259 2 839 2228 2263 2 1
0 0 0 0 2 2 7 4739 2 1498 3837 2 2263 4259 2263 2069 3823 7 4739 2 1498 3889 2 2 4 2 7 2069 1763 2263 2 2 2 2345 2069 2 32 2 1498 2 2228 2 4 2 2228 2 4259 2 1498 3889 2 1498 974 8415 2 7 8415 2 7 4739 974 1763 3889 4739 7 2 2 1498 3823 2 6362 1763 122 3889 32 2263 1498 7 2 2 1
0 0 0 2 2 2345 974 1763 2228 122 2 1498 974 7 2 2345 974 32 7332 2228 2263 7 2263 2 7 4739 2263 2 122 974 2345 1763 32 2263 1498 7 2 2069 3823 2 2 7 974 974 2 32 1763 2345 4739 2 122 2069 2 32 2 2 7 974 2 2 1498 1929 2228 1763 2263 1498 2345 2263 2 7 4739 2263 2 8415 2 7 2345 4739 2263 2069 1
0 0 0 0 0 0 0 0 0 0 0 0 0 0 0 0 0 0 0 0 0 0 0 0 0 122 974 1498 2 7 2 8415 2 4 7 2263 2 3823 974 1763 2069 2 7 2 32 2263 2 2 1498 122 2 32 974 1498 2263 3823 2 2 1498 2 8415 2 7 2345 4739 2 1498 3889 2 7 4739 2 4 2 32 974 4259 2 2263 2 1
0 0 0 2 2 4259 2263 2 8415 2 7 2345 4739 2263 122 2 4 1498 2 2 2228 2 8415 2 2228 3837 2 7332 2 4 7 2 32 3823 2 4739 974 1763 4 2263 2 2 1498 2 2 2 4739 974 1763 2069 4 2 2 1498 122 2 2 7 2 8415 2 4 2 32 974 2069 2263 2 2 1498 7 2263 2069 2263 4 7 2 1498 3889 2 1
0 0 0 0 122 2069 2 32 2 2 2 2 2345 7 2 974 1498 2 2 2345 974 32 2263 122 3823 2 2 1498 122 2 2 2 7332 974 4 4 2 839 2 2228 2 7 3823 2 7 974 2 2345 2069 3823 2 6362 1763 4 7 2 2 2 2228 2 7 7 2228 2263 2 839 2 7 2 2 2 2 2228 974 4259 2263 2 2 7 2 1
0 0 0 0 0 0 0 0 122 2263 2 2228 2 1498 3889 2 8415 2 7 4739 2 7 4739 2263 2 122 2263 2 7 4739 2 974 1929 2 2 2 2228 974 4259 2263 122 2 974 1498 2263 2 2 4 2 2263 2 4 2 2263 2069 2 7 4739 2 1498 2 8415 2 7 2345 4739 2 1498 3889 2 7 4739 2 4 2 32 974 4259 2 2263 1
0 0 0 0 0 2 2 8415 2 4 2 8415 2 2 7 2 1498 3889 2 1929 974 2069 2 4 974 32 2263 839 974 122 3823 2 7 974 2 32 2 3837 2263 2 2 2 2345 1763 7 2 2 1498 122 2 7 2263 2228 2228 2 7 4739 2 7 2 7 4739 2 4 2 2 4 2 6362 1763 4 7 2 2 2 6362 974 3837 2263 2 1
0 0 0 0 0 0 0 0 0 0 0 0 0 0 0 0 0 0 839 2263 4 7 2 32 974 4259 2 2263 2 2263 4259 2263 2069 2 2 8415 974 2069 7 4739 2 8415 2 7 2345 4739 2 1498 3889 2 2 2 2345 974 1763 7332 2228 2263 2 974 1929 2 7 2 32 2263 4 2 2 2 2 2069 2263 2345 974 32 32 2263 1498 122 1
0 0 0 0 0 0 0 0 0 0 0 0 0 0 1498 974 2 8415 974 2069 122 4 2 7 974 2 2263 1145 7332 2228 2 2 1498 2 974 1498 2263 2 122 2 3823 2 4 974 1763 7 4739 2 2 1498 122 1763 4 7 2069 3823 2 8415 2 2228 2228 2 2069 1763 2228 2263 2 2 1498 122 2 2 1498 2 2345 2 1498 2263 32 2 1
0 0 0 0 0 0 0 0 0 0 2345 974 1498 3889 2069 2 7 1763 2228 2 7 2 974 1498 4 2 7 974 2 2263 4259 2263 2069 3823 974 1498 2263 2 3837 2263 7332 7 2 32 2263 2 7 974 7 2 2228 2228 3823 2 2 1498 4259 974 2228 4259 2263 122 2 2 4739 2 3889 4739 2228 3823 2 2069 2263 2345 974 32 32 2263 1498 122 1
0 0 0 0 0 0 0 0 0 0 0 0 0 0 0 0 8415 4739 2 7 2 2 2 2345 2069 2 7146 3823 2 7 4739 2069 2 2228 2228 2 2 2 32 2 7146 2 1498 3889 2 6362 974 839 2 2 2 2 2 2263 4259 2263 2069 3823 974 1498 2263 2 1498 2263 2263 122 4 2 7 974 2 4 2263 2263 2 7 4739 2 4 2 1
0 0 0 0 0 0 0 0 0 0 0 0 0 0 0 0 0 0 0 0 0 0 0 0 0 0 8415 2263 2228 2228 2 7 4739 2 7 2 8415 2 4 2 2 1498 2 2 1498 7 2263 2069 2263 4 7 2 1498 3889 2 2069 2 122 2263 2 2 8415 2263 2228 2228 2 8415 974 2069 7 4739 2 2 2 8415 2 7 2345 4739 2 1
0 0 0 0 7 2263 2069 2069 2 1929 2 2263 122 2 32 2263 2 2 1498 2 2 2228 2228 2 7 4739 2263 2 2069 2 3889 4739 7 2 8415 2 3823 4 2 2 2345 2 1498 2 7 2 8415 2 2 7 2 7 974 2 4 2263 2263 2 32 974 2069 2263 2 1929 2069 974 32 2 7 4739 2 4 2 8415 2069 2 7 2263 2069 2 1
0 0 0 0 0 0 8415 974 8415 2 2 8415 2 4 1498 2 7 2 2263 1145 7332 2263 2345 7 2 1498 3889 2 7 4739 2 7 2 2 2 2 2 7332 2228 2263 2 4 2 1498 7 2228 3823 2 4 1763 2069 7332 2069 2 4 2263 122 2 8415 2 7 4739 2 7 4739 2263 2 7 4739 2069 2 2228 2228 2 4259 2 2228 1763 2263 2 1
0 0 0 0 0 0 0 0 8415 4739 2 7 2 2 2 8415 2 7 2345 4739 2 2 2 8415 2 4 2 7 974 7 2 2228 2228 3823 2 3889 2069 2 7332 7332 2263 122 2 2 3889 2069 2263 2 7 2 1763 4 2263 2 974 1929 2 7 4739 2263 2 2345 2 32 2263 2069 2 2 2 1498 122 2 2228 2 3889 4739 7 2 1498 3889 1
0 0 0 0 0 0 0 0 0 0 0 0 0 0 0 0 0 0 0 0 0 0 0 0 0 0 7 4739 2069 2 2228 2228 2 1498 3889 2 2 2 32 7332 2 2 4259 2263 2069 3823 2 8415 2263 2228 2228 2 32 2 122 2263 2 2 2263 1145 7 2069 2263 32 2263 2228 3823 2 2345 2 7332 7 2 4259 2 7 2 1498 3889 2 1
839 2 7 7 2263 2069 2 4739 2 4 7 974 2069 3823 2 2263 4259 2263 2069 3823 974 1498 2263 2 7 4739 2 7 2 8415 4739 974 2 839 2263 2228 2 2263 4259 2263 4 2 2 1498 2 122 2263 32 974 2345 2069 2 2345 3823 2 2 1498 122 2 7 4739 2263 2 4259 974 7 2263 2 4 4739 974 1763 2228 122 2 3837 1498 974 8415 2 1
0 0 0 0 0 0 0 0 0 7 4739 2 4 2 32 974 4259 2 2263 2 2 4 2 2263 4259 2263 2069 3823 7 4739 2 1498 3889 2 8415 2 1763 8415 2 2 7332 1763 2069 2263 2 2 2069 7 2 2 7 4739 2 1498 3837 4 2 839 2 1929 974 2069 2 7 4739 2 4 2 32 2 4 7 2263 2069 7332 2 2263 2345 2263 2 1
0 0 0 0 0 0 0 0 0 0 0 0 0 0 0 0 0 839 2263 3823 974 1498 2345 2263 2 1498 2263 4259 2263 2069 2 122 2 4 2 7332 7332 974 2 1498 7 4 2 2 4259 2 4 1763 2 2228 4 2 2 4 974 1763 1498 122 2 2 2345 1763 2228 7 1763 2069 2263 2 2 2263 4259 2263 2069 3823 7 4739 2 1498 3889 2 1
0 0 0 2 32 2 7146 2 1498 3889 2 32 1763 4 2 2345 2 2 1498 122 2 32 2263 4 32 2263 2069 2 7146 2 1498 3889 2 4259 2 4 1763 2 2228 4 2 2 839 2228 2 2345 3837 2 2 4 2 3837 2 1498 3889 2 2 1763 122 2 2 122 2 1763 122 122 2 2 2 1763 122 2 2 2263 2 1763 122 122 2 2 1
0 0 0 0 0 0 0 0 0 839 2263 3823 974 1498 2345 2 1763 2 2 2263 2 2 2069 2263 2 2228 2228 3823 2 7332 1763 7 2 4 974 2 32 1763 2345 4739 2 8415 974 2069 3837 2 2 1498 122 2 2228 974 4259 2263 2 2 1498 7 974 2 7 4739 2 4 2 7332 2069 974 6362 2263 2345 7 2 2 839 2069 2 4259 974 2 1
0 0 0 0 0 839 2263 3823 974 1498 2345 2263 2 4 2 4259 2263 122 2 2 2 2 2 2 32 1763 4 2 2345 2 2 1498 122 1763 4 7 2069 3823 2 2 7 4739 2263 2 32 1763 4 2 2345 2 2 7 4739 2263 2 4259 2 4 1763 2 2228 4 2 2 2069 2263 2 2 2228 2228 2 974 1498 2 7332 974 2 1498 7 2 1
0 0 0 0 0 0 0 0 0 0 0 0 0 0 0 0 0 0 2 839 4 974 2228 1763 7 2263 2228 3823 2 4 7 1763 1498 1498 2 1498 3889 2 4259 2 4 1763 2 2228 4 2 2 839 2263 3823 974 1498 2345 2 1763 2 2 2263 2 2 4739 2 4 2 974 1763 7 122 974 1498 2263 2 4739 2263 2069 4 2263 2228 1929 2 1
0 0 0 0 0 0 0 0 0 0 0 8415 974 8415 2 2 32 974 2069 2263 2 7 4739 2 1498 2 2 2 8415 2 4 2 2263 1145 7332 2263 2345 7 2 1498 3889 2 2 4739 2 122 2 2 2 7 2263 2 2069 2 2 1498 2 32 3823 2 2263 3823 2263 2 839 3823 2 7 4739 2263 2 2263 1498 122 2 2 8415 974 8415 2 1
0 0 0 0 0 0 0 0 0 0 0 0 0 0 0 0 0 0 0 0 0 7 974 2 5102 1763 974 7 2263 2 7 4739 2263 2 32 974 2 4 7 2 32 2 1498 2 4739 2 32 4 2263 2228 1929 2 2 7 4739 2 4 2 2 4 2 1763 1498 2 2069 974 1498 2 2345 2 2228 2228 3823 2 2345 974 974 2228 2 2 1
0 2 2 7 4739 2 1498 3837 2 4 974 2345 2 2 2228 2 32 2263 122 2 2 2 2345 2263 2228 2263 839 2069 2 7 2 2263 4 2 4 4739 974 1763 2228 122 2 1498 2263 4259 2263 2069 2 3889 974 2 2 2345 7 2 1498 3889 2 2 7 4739 2 4 2 2 4 2 4 974 2 2069 2 122 2 2345 1763 2228 974 1763 4 2 1
0 0 0 0 0 0 0 0 0 0 0 0 0 0 0 0 0 0 0 0 0 0 0 0 0 0 0 0 2 7 4 2 2 2 839 2 122 2 32 974 4259 2 2263 2 122 974 1498 7 2 2263 4259 2263 1498 2 7 4739 2 1498 3837 2 7 974 2 8415 2 7 2345 4739 2 2 7 2 2 2 2 2 2 2 2 2 1
0 0 0 0 0 0 0 0 0 0 0 839 2263 2345 2 1763 4 2263 2 2 7 2 122 974 2263 4 1498 2 7 2 2263 1145 2 4 7 2 2 2 2228 974 2069 122 2 4739 2 4259 2263 2 32 2263 2069 2345 3823 2 974 1498 2 8415 4739 974 2263 4259 2263 2069 2 839 974 1763 3889 4739 7 2 2 2 7 2 2345 3837 2263 7 1
0 0 0 0 0 0 0 0 0 0 0 0 0 0 0 0 0 0 0 0 0 0 0 0 0 0 7 4739 2 4 2 2 4 2 7 4739 2263 2 8415 974 2069 4 7 2 32 974 4259 2 2263 2 2 2 2263 4259 2263 2069 2 4 2 8415 2 2 4259 2263 2069 3823 2 4259 2263 2069 3823 2 4259 2263 2069 3823 2 839 2 122 1
0 0 0 0 0 0 0 0 0 0 0 0 0 0 0 0 0 0 2 32 2 7146 2 1498 3889 2 32 974 4259 2 2263 2 2 2 2069 2263 2345 974 32 32 2263 1498 122 2 2 7 2 2 7 4 2 2069 2263 2 2228 2228 3823 2 3889 2069 2263 2 7 2 1929 974 2069 2 4 2 1763 122 2 2 7332 2263 974 7332 2228 2263 1
0 0 0 0 3889 2069 2263 2 7 2 2345 974 32 2263 122 3823 2 32 974 4259 2 2263 2 2 8415 4739 2263 1498 2 2 2 1929 2263 2263 2228 2 839 2 122 2 2 2 2 7 1763 2069 1498 2 7 4739 2 4 2 974 1498 2 2 1498 122 2 2345 2 1498 2 7 2 4 7 974 7332 2 2228 2 1763 3889 4739 2 1498 3889 2 1
0 0 0 0 0 0 0 0 0 0 0 0 0 0 0 0 0 0 0 0 0 0 0 0 0 2 1929 2 3823 974 1763 2 2 2069 2263 2 7 4739 2 7 2 2263 2 4 2 2228 3823 2 2228 2263 122 2 7 4739 2263 1498 2 7 4739 2 4 2 2 4 2 1929 974 2069 2 3823 974 1763 2 2 2263 1498 6362 974 3823 2 1
0 0 0 0 0 0 0 0 0 0 0 0 0 0 0 0 0 0 0 0 0 0 7 4739 2 4 2 4739 2 4 2 839 2263 2263 1498 2 2345 2069 2263 2 7 2263 122 2 7332 2263 2069 1929 2263 2345 7 2228 3823 2 2 2263 4259 2263 2069 3823 974 1498 2263 2 4 4739 974 1763 2228 122 2 8415 2 7 2345 4739 2 2 7 2 1
0 0 0 0 0 0 0 0 0 0 0 0 2263 4259 2263 2069 3823 974 1498 2263 2 1498 2263 2263 122 4 2 7 974 2 8415 2 7 2345 4739 2 7 4739 2 4 2 2 3889 2 4259 2263 2 3823 974 1763 2069 4 2263 2228 1929 2 2 2 2345 4739 2 1498 2345 2263 2 7 974 2 4 2263 2263 2 2069 2263 2 2228 2 7 3823 2 1
0 0 0 0 0 0 0 0 0 0 0 0 0 0 0 2 2 4259 2263 2069 3823 2 3889 974 974 122 2 1929 2 2228 32 2 2 2 7 2 8415 2 4 2 4259 2263 2069 3823 2 2 1498 7 2263 2069 2263 4 7 2 1498 3889 2 2 1498 122 2 2 2 8415 2 7 2345 4739 2263 122 2 2 7 2 7 8415 2 2345 2263 2 1
0 0 0 0 0 0 0 0 0 0 0 0 0 0 0 0 0 0 0 0 0 4259 2263 2069 3823 2 839 2 122 2 4 7 974 2069 3823 2 2228 2 1498 2263 2 2 4259 2263 2069 3823 2 839 2 122 2 2 2345 7 2 1498 3889 2 2 7 4739 2263 2 7 2 7 2228 2263 2 2 4 2 2 2 4 2345 2 32 2 2 1
0 0 0 0 0 0 0 0 0 0 0 7 4739 2 4 2 32 974 4259 2 2263 2 4739 2 4 2 4 974 2 32 1763 2345 4739 2 4 2 32 2 2228 2 2069 2 7 2 2263 4 2 839 2263 7 8415 2263 2263 1498 2 7 4739 2263 2 2345 974 2069 974 1498 2 4259 2 2069 1763 4 2 974 1763 7 839 2069 2263 2 3837 2 1
0 0 0 0 0 0 0 0 0 0 0 0 0 0 0 1929 974 2069 2263 4259 2263 2069 2 2345 4739 2 1498 3889 2263 122 2 7 4739 2263 2 8415 2 3823 2 2 2 4259 2 2263 8415 2 4739 2 1498 122 2 8415 2 4 4739 2 1498 3889 2 2 1498 122 2 7 974 1763 2345 4739 2 1498 3889 2 32 3823 2 1929 2 2345 2263 2 1
0 0 0 0 0 0 0 0 0 2 2 122 974 2 7 4739 2 4 2 2069 2263 4259 2 2263 8415 2 6362 1763 4 7 2 2345 2263 2 8415 4739 2263 1498 2 2 2 4 2 3823 2 4 4739 2 2069 3837 2 1498 2 122 974 2 4739 2 122 2 2 2 839 2263 7 7 2263 2069 2 4 7 974 2069 3823 2 2228 2 1498 2263 2 1
0 0 0 0 0 0 0 0 0 0 0 0 0 0 0 0 0 0 0 0 0 0 0 0 0 0 0 0 0 8415 4739 2 7 2 2 2 122 2 4 2 7332 7332 974 2 1498 7 32 2263 1498 7 2 2 2 2 2 2 4259 2263 2069 3823 2 2 4259 2263 2069 3823 2 839 974 2069 2 1498 3889 2 32 974 4259 2 2263 2 1
0 0 0 0 0 0 0 0 0 0 0 0 0 0 0 0 7 974 2 4739 2 4259 2263 2 2 2 3889 2069 2263 2 7 2 4 7 974 2069 3823 2 7 974 2 7 2263 2228 2228 2 2 1498 122 2 122 974 2 4 1763 2345 4739 2 2 2 839 2 122 2 6362 974 839 2 2 4 2 2345 2069 2 32 2 1498 2 2228 2 1
0 2 1929 2 7 4739 2263 2069 2263 2 8415 2 4 2 2263 4259 2263 2069 2 2 2 32 974 4259 2 2263 2 7 4739 2 7 2 1498 2263 2263 122 2263 122 2 2 2 4 2263 5102 1763 2263 2228 2 32 974 2069 2263 2 7 4739 2 1498 2 2 1498 974 7 4739 2263 2069 2 2 2 7 2 4 2 2345 4739 2 7332 7332 2 2263 2 1
0 0 0 0 0 0 0 0 0 0 0 0 0 0 0 1498 974 7 2 2 2 122 2263 2263 7332 2 7332 2228 974 7 2 2 839 1763 7 2 2263 1498 7 2263 2069 7 2 2 1498 2 1498 3889 2 2 1498 122 2 1929 1763 1498 2 7 974 2 8415 2 7 2345 4739 2 2 7 2 2228 2263 2 4 7 2 974 1498 2345 2263 2 1
0 0 0 0 0 0 0 0 0 0 0 0 0 0 0 0 0 0 0 0 0 0 0 8415 4739 2 7 2 2 2 8415 2 4 7 2263 2 2 2 1498 122 2 4 1763 2345 4739 2 2 1498 2 2 1498 4 1763 2228 7 2 7 974 2 7 4739 2263 2 2 32 2 7146 2 1498 3889 2 974 2069 2 3889 2 1498 2 2228 2 1
0 0 0 0 0 0 0 0 0 0 0 0 0 0 0 0 0 0 0 0 0 0 0 4739 2 4739 2 4739 2 4739 2 2 974 32 3889 2 7 4739 2263 2 2345 3889 2 2 2 4 2 2 8415 1929 1763 2228 2 2 4739 2 4739 2 4739 2 4739 2 4739 2 4739 2 4739 2 2 8415 4739 2 7 2 2 2 6362 974 3837 2263 1
0 0 0 0 0 0 0 7 4739 2263 2 2 1498 2345 2069 2263 2 4 2 1498 3889 2 7 4739 2263 2 2345 4739 2 1498 2263 4 2263 2 2 1498 4259 974 2228 4259 2263 32 2263 1498 7 2 2 1498 2 4739 974 2228 3823 8415 974 974 122 2 2 7 4739 2263 2 8415 974 2069 4 2263 2 7 4739 2263 2 5102 1763 2 2228 2 7 3823 1
0 0 0 0 0 0 0 0 0 0 0 0 0 0 0 0 0 0 0 0 0 2 32 974 1498 3889 2 7 4739 2263 2 839 2263 4 7 2 7332 974 2263 7 2 2345 2 2 1498 7 2 2 8415 2 2069 2 1929 2 2228 32 4 2 32 2 122 2263 2 2 2345 974 1498 3889 2069 2 7 1763 2228 2 7 2 974 1498 4 2 1
0 0 0 0 0 0 0 0 0 0 0 0 0 0 0 3889 974 974 122 2 2345 974 32 2263 122 3823 2 4259 2263 2069 3823 2 8415 2263 2228 2228 2 8415 2069 2 7 7 2263 1498 2 4 2345 2069 2263 2263 1498 7332 2228 2 3823 2 839 1763 7 2 122 974 2263 4 2 4 2228 974 8415 2 122 974 8415 1498 2 2 2 839 2 7 1
0 0 0 0 0 0 0 0 0 0 0 0 0 0 0 0 7 4739 2 4 2 1929 2 2228 32 2 8415 2 4 2 2263 1145 2263 2345 1763 7 2263 122 2 4259 2263 2069 3823 2 7332 974 974 2069 2228 3823 2 2 2 2 1929 974 1763 1498 122 2 2 7 2 7 974 2 839 2263 2 5102 1763 2 7 2263 2 122 1763 2228 2228 2 1
0 0 0 0 0 0 0 0 0 0 0 0 0 0 0 0 0 0 0 0 0 0 0 8415 2 4 7 2263 2 974 1929 2 7 2 32 2263 2 2 32 1763 2345 4739 2 839 2263 7 7 2263 2069 2 974 1929 1929 2 8415 2 7 2345 4739 2 1498 3889 2 7 4739 2263 2 4 2 1498 7 2 2 2345 2228 2 1763 4 2263 2 1
0 7 4739 2263 2 1763 2228 7 2 32 2 7 2263 2 2263 122 2 7 2 974 1498 2 2 4 2 2 2345 7 1763 2 2228 2228 3823 2 2069 2263 2 2228 2228 3823 2 3889 974 974 122 2 2 7 4739 2263 2 7 4739 2263 2 7 2069 2 2345 2 2228 2 2345 1763 7 2 2 4 1498 7 2 7 4739 2 7 2 3889 974 974 122 1
2 2 4259 2263 2069 3823 2 2 32 7332 974 2069 7 2 1498 7 2 4 7 974 2069 3823 2 839 1763 7 2 2 7 2 4 4739 974 1763 2228 122 2 4739 2 4259 2263 2 839 2263 2263 1498 2 2 2 122 974 2345 1763 32 2263 1498 7 2 2069 3823 2 1498 974 7 2 2 2 1929 2263 2 7 1763 2069 2263 2 1929 2 2228 32 2 1
0 0 0 0 2 7 4739 2 7332 2 4 4 2263 1498 3889 2263 2069 2 2 4 2 2 32 7332 2069 2263 4 4 2 4259 2263 2 8415 2 7 4739 2 2 7 4 2 2 32 2 7146 2 1498 3889 2 4259 2 4 1763 2 2228 2 2 1498 122 2 1763 1498 2 5102 1763 2263 2 4 7 974 2069 3823 7 2263 2228 2228 2 1498 3889 2 1
0 0 0 0 0 0 0 0 0 0 0 0 0 0 0 7 4739 2263 2 32 974 4259 2 2263 2 8415 2 4 2 974 3837 2 2 839 1763 7 2 2 1929 7 2263 2069 2 8415 2 7 2345 4739 2 1498 3889 2 2 7 2 2 2 4 7 2 2069 7 2263 122 2 4739 2 7 2 1498 3889 2 2345 4739 2 2228 122 2069 2263 1498 1
0 0 0 0 0 0 0 0 0 0 0 0 0 0 0 0 0 0 0 0 0 0 0 0 0 4739 974 2069 2069 2 839 2228 2263 2 2 2345 7 2 1498 3889 2 8415 2069 2 7 2 1498 3889 2 7 4739 2 4 2 2 4 2 2 2 8415 2 2 7 2 1929 974 2069 2 2 7 2 2 2 1929 2 1498 2 4 4739 2 1
0 0 0 0 0 0 0 0 0 0 0 7 4739 2263 2069 2263 2 4 4739 974 1763 2228 122 2 839 2263 2 2 2 2228 2 8415 2 7332 2069 974 4739 2 839 2 7 2 1498 3889 2 4 7 2263 4259 2263 1498 2 2345 2 32 2 2228 2228 2263 2069 2 1929 2069 974 32 2 32 2 3837 2 1498 3889 2 32 974 4259 2 2263 4 2 1
0 1498 974 839 974 122 3823 2 2228 974 4259 2263 4 2 2228 2263 839 2069 974 1498 2 6362 2 32 2263 4 2 32 974 2069 2263 2 7 4739 2 1498 2 2228 2263 839 2069 974 1498 2 6362 2 32 2263 4 2 2 1498 122 2 2 7 2 8415 2 4 2 4 2263 2069 2 974 1763 4 2228 3823 2 7 2263 2069 2069 2 839 2228 2263 2 1
0 0 0 0 1498 974 7 4739 2 1498 3889 2 32 974 2069 2263 2 7 4739 2 1498 2 2 1498 2 2 122 2 974 7 2 2345 2 4259 2 1498 2 7 3823 2 7332 2069 974 6362 2263 2345 7 2 2 122 974 1498 2 7 2 8415 2 4 7 2263 2 3823 974 1763 2069 2 7 2 32 2263 2 974 2069 2 32 974 1498 2263 3823 2 1
0 0 0 0 0 0 0 0 0 0 0 0 0 0 0 0 0 0 0 7 4739 2263 2 4 2263 5102 1763 2263 2228 2 4739 2 4 2 8415 974 1498 122 2263 2069 1929 1763 2228 2 4 7332 2263 2345 2 2 2228 2 2263 1929 1929 2263 2345 7 4 2 7 4739 2 1498 2 7 4739 2263 2 1929 2 2069 4 7 2 7332 2 2069 7 2 1
0 0 0 0 0 0 0 0 0 0 0 0 0 0 0 0 0 0 0 0 0 0 0 7 4739 2 4 2 32 974 4259 2 2263 2 2 4 2 122 2263 1929 2 1498 2 7 2263 2228 3823 2 839 2263 7 7 2263 2069 2 7 4739 2 1498 2 7 4739 2263 2 2 2 2 2 2069 2 7 2 1498 3889 2 4739 2263 2069 2263 2 1
0 0 0 0 0 0 0 0 0 0 0 0 0 0 0 0 0 0 0 0 0 0 2 2 8415 974 1763 2228 122 2 2069 2 7 4739 2263 2069 2 1929 2 2228 2228 2 7 4739 2069 974 1763 3889 4739 2 7 4739 2263 2 2 2345 2263 2 7 4739 2 1498 2 8415 2 7 2345 4739 2 7 4739 2 4 2 2 3889 2 2 1498 2 1
0 0 0 0 0 0 0 0 0 0 0 0 0 0 0 0 0 0 0 0 0 0 0 0 0 0 0 0 8415 2 7 2345 4739 2 839 2228 2263 2 839 1763 7 2 7332 2069 2263 122 2 2345 7 2 839 2228 2263 2 2 1498 122 2 4259 2263 2069 3823 2 839 2 122 2 2345 3889 2 2 1929 974 2069 2 2 2 2 2 2 1
0 0 0 0 0 0 0 0 0 0 0 0 1929 2263 2263 2228 4 2 2228 2 3837 2263 2 2 2 2 2 2 3823 2263 2 2069 2 974 2228 122 2 8415 2069 974 7 2263 2 2 1498 122 2 122 2 2069 2263 2345 7 2263 122 2 7 4739 2 4 2 1498 974 1498 4 2263 1498 4 2 2345 2 2228 2 2069 1763 839 839 2 4 4739 1
7 4739 2 4 2 32 974 4259 2 2263 2 8415 2 4 2 32 2 122 2263 2 7 974 2 7 2069 974 2228 2228 2 7332 2069 2263 122 2 7 974 2069 2 1929 2 1498 4 2 4 1763 2345 4739 2 2 4 2 32 3823 4 2263 2228 1929 2 2 32 2 4 4 2 974 1498 2 2 2345 2345 974 32 7332 2228 2 4 4739 2263 122 2 1
0 0 2 2 4259 2263 2 1498 2263 4259 2263 2069 2 7 4739 974 1763 3889 4739 2 122 2 4 1498 2263 3823 2 8415 2 2228 2228 2 839 2263 2 2 7 2 7 4739 2 4 2 2228 2263 4259 2263 2228 2 7 4739 2 4 2 3823 2263 2 2069 2 2345 2 1498 2 7 2 8415 2 2 7 2 1929 974 2069 2 4 2263 5102 1763 2263 2228 1
0 0 0 0 0 0 0 0 0 0 0 8415 4739 2 7 2 2 1498 2 2 32 2 7146 2 1498 3889 2 1929 2 2228 32 2 2 2 4 7 974 1763 1498 122 2 1498 3889 2 4 7 1763 1929 1929 2 2 3889 2069 2263 2 7 2 2228 974 2345 2 7 2 974 1498 2 1929 974 2069 2 7 4739 2 4 2 1929 2 2228 32 2 1
0 0 0 0 0 0 0 0 0 0 0 0 0 0 0 0 0 0 0 0 0 0 0 1498 974 7 2 3889 974 974 122 2 32 974 4259 2 2263 2 2 7 2 2 2228 2228 2 2 2 2 4739 2 7 2263 122 2 2 7 2 2 839 2 122 2 8415 2069 974 1498 3889 2 4 7 1763 7332 2 122 2 32 974 4259 2 2263 1
0 0 0 0 0 0 0 0 0 0 0 0 0 0 0 0 0 0 0 0 0 0 0 0 0 0 0 0 0 0 7332 2228 2263 2 4 2263 2 122 974 2 1498 974 7 2 8415 2 7 2345 4739 2 7 4739 2 4 2 32 974 4259 2 2263 2 2 2 2 2 2 2 8415 2 4 7 2263 2 974 1929 2 7 2 32 2263 1
839 2263 2 1763 7 2 1929 1763 2228 2 2345 2 1498 2263 32 2 7 974 3889 2069 2 7332 4739 3823 2 2 3889 2069 2263 2 7 2 7332 2263 2069 1929 974 2069 32 2 1498 2345 2263 4 2 2 974 2069 2 3889 2 1498 2 2228 2 4 7 974 2069 3823 2 2 2 2 2069 2263 2 2228 2228 3823 2 2228 2 3837 2263 122 2 2 7 2 1
0 0 0 0 0 0 0 0 0 0 0 0 0 0 0 0 0 0 0 0 0 0 0 2263 2345 2228 2263 2345 7 2 2345 2 2 7 4739 974 1763 3889 4739 7 2 7332 2069 974 4259 974 3837 2 1498 3889 2 2 32 2 3889 2 2345 2 2228 2 2 2228 974 4259 2263 122 2 2263 4259 2263 2069 3823 2 32 2 1498 1763 7 2263 2 1
0 0 0 0 0 0 0 0 0 0 0 0 0 0 0 0 0 0 0 0 0 0 0 0 0 0 2 3889 1498 974 2069 2263 2 7 4739 2263 2 4739 2 7 2263 2069 4 2 2 2 7 2 4 2 2 2 3889 974 974 122 2 2 1498 974 2 2 7 2 4 2 2 2 3889 2069 2263 2 7 2 32 974 4259 2 2263 2 1
0 0 0 0 0 0 0 0 0 0 0 0 0 0 0 0 0 0 0 0 0 0 0 0 0 0 0 0 0 0 122 2263 2228 2263 7 2263 122 2 2 32 32 2263 122 2 2 7 2263 2228 3823 2 2 2 7 4739 2263 2 32 974 4259 2 2263 2 2 4 2 2 2 8415 2 4 7 2263 2 974 1929 2 7 2 32 2263 1
0 0 0 0 0 0 0 0 0 0 0 0 0 0 0 0 0 0 0 0 0 0 7 4739 2 7 2 4 2 4259 2263 2069 3823 2 839 974 2069 2 1498 3889 2 2 2 2 1498 122 2 2 8415 1929 1763 2228 2 4 7 974 2069 3823 2 2 2 2 2 2 2 2 7146 2 2 2 7146 2 7146 2 7146 7146 2 7146 2 7146 1
0 0 0 0 0 0 0 0 0 0 0 0 0 7 974 974 2 1929 2228 2 7 2 2 1498 122 2 839 974 2069 2 1498 3889 2 2 2 2 839 2 122 2 2263 1498 122 2 1498 3889 2 2 4 2 122 2 4 2 7332 7332 974 2 1498 7 2 1498 3889 2 2 2 2 8415 2 4 7 2263 2 974 1929 2 7 2 32 2263 1
0 0 0 0 0 0 0 0 0 0 0 0 7 974 2069 2263 2 7 4739 2069 974 1763 3889 4739 2 7 4739 2263 32 2 2 839 2263 4 7 2 32 2 2069 4259 2263 2228 2 32 974 4259 2 2263 2 2 2 4259 2263 2 8415 2 7 2345 4739 2263 122 2 2 7 4739 2263 2 2069 2263 4 7 2 4 1763 2345 3837 4 2 2 122 1
0 2 2 2 2 2 839 2263 2345 2 1763 4 2263 2 2 7 2 8415 2 4 2 8415 2 3823 2 839 2263 7 7 2263 2069 2 7 4739 2263 1498 2 2345 2 7332 7 2 2 1498 2 2 32 2263 2069 2 2345 2 2 2 2 2 7 4739 974 2069 2 2 2 7 4739 974 2069 2 2 2 2 4739 1763 2228 3837 2 2 2 2 2 1
0 0 839 974 2069 2263 122 2 32 2263 2 7 974 2 122 2263 2 7 4739 2 2 4259 2263 2069 3823 2 2345 4739 2 2228 122 2 4 4739 2 2263 4259 2263 1498 2 3823 974 1763 2 3837 1498 974 8415 2 8415 4739 2 7 2 4 2 2345 974 32 2 1498 3889 2 2 1498 2 7 4739 2263 2 1498 2263 1145 7 2 32 974 4259 2 2263 1
0 0 0 0 0 0 0 3889 2069 2263 2 7 2 7332 4739 974 7 974 3889 2069 2 7332 4739 3823 2 2 1498 122 2 7 4739 2 7 2 4 2 2 2228 2228 2 2 4739 974 2069 2069 2 839 2228 2263 2 2 2345 7 4 2 2 1498 122 2 2 2 122 2 122 1498 2 7 2 4 2263 2263 2 2 2 7332 974 2 1498 7 2 1
0 0 0 0 0 0 0 0 0 0 0 0 0 0 0 0 0 0 0 0 0 0 0 0 0 0 0 0 2 2 8415 2 4 2 8415 2069 974 1498 3889 2 2 1498 122 2 7 4739 2263 1498 2 2 2 8415 2 4 2 8415 2069 974 1498 3889 2 2 3889 2 2 1498 2 2 3889 974 974 122 2 7 8415 2 4 7 4 2 1
0 0 0 0 0 0 0 0 0 0 0 0 0 0 32 1763 4 7 2 8415 2 7 2345 4739 2 2 4 4739 2 2 2 2 4 2 2 1498 2 1929 1763 2228 2228 2 1929 974 2069 32 2 1929 974 2069 2 7 4739 2 4 2 974 1498 2263 2 2 4259 2263 2069 3823 2 7 974 1763 2345 4739 2 1498 3889 2 4 7 974 2069 3823 1
0 0 0 0 0 0 0 0 0 0 0 0 0 0 0 0 0 0 0 0 0 0 0 0 0 0 0 0 0 4 1763 32 32 2263 122 2 1763 7332 2 2 1498 2 1929 2 4259 2263 2 8415 974 2069 122 4 2 2 2 7 2069 1763 2228 3823 2 2 8415 1929 1763 2228 2 2 2 8415 1929 1763 2228 2 32 974 4259 2 2263 2 1
0 0 0 0 0 0 0 0 2 1929 2 3823 974 1763 2 2345 2 1498 2 3889 2263 7 2 7 4739 2069 974 1763 3889 4739 2 7 4739 2263 2 2069 2263 2 2228 2228 3823 2 4 2228 974 8415 2 7332 2 2069 7 4 2 2 2 7 2 2 4 2 2 2 7332 2228 2263 2 4 2 1498 7 2 4 1763 2069 7332 2069 2 4 2263 2 1
0 0 0 0 0 0 0 0 0 0 0 0 0 0 0 0 0 0 7 2069 1763 2228 3823 2 2 8415 1929 1763 2228 2 2 2263 4259 2263 2069 3823 7 4739 2 1498 3889 2 7 4739 2 7 2 2 4 2 8415 2069 974 1498 3889 2 8415 2 7 4739 2 32 974 122 2263 2069 1498 2 1929 2 2228 32 2 32 2 3837 2 1498 3889 2 1
0 0 32 2 2069 3889 2 1498 2 2228 2 4 2263 122 2 3823 974 1763 1498 3889 2 8415 974 32 2263 1498 2 2 2 4739 2 4739 2 2 2 4 2 4259 2263 2 3823 974 1763 2069 4 2263 2228 1929 2 7 4739 2263 2 7 2 32 2263 2 122 974 1498 7 2 839 974 7 4739 2263 2069 2 8415 2 7 4739 2 7 4739 2 4 2 1
0 0 7 4739 2263 2 8415 974 2069 4 7 2 1929 2 2228 32 2 2 2 4739 2 4259 2263 2 2263 4259 2263 2069 2 4 2263 2263 1498 2 2 2069 2263 7332 2263 2 7 2 7 2 4259 2263 2 2069 1763 839 839 2 4 4739 2 8415 2 7 4739 2 2 2 2069 1763 839 839 2 4 4739 2 4 7 974 2069 3823 2228 2 1498 2263 2 1
0 2 7 4 2 3889 2 2069 839 2 3889 2263 2 122 974 1498 2 7 2 2228 974 4 2263 2 3823 974 1763 2069 2 7 2 32 2263 2 2 1498 2 7 4739 2 4 2 32 974 4259 2 2263 2 2 1498 122 2 2 2 122 974 1498 2 7 2 1763 1498 122 2263 2069 4 7 2 1498 122 2 7 4739 2263 2 4 7 974 2069 3823 1
0 0 0 0 0 0 0 0 0 0 0 0 0 0 0 0 0 0 0 7 4739 2263 2 32 974 4259 2 2263 2 4 4739 974 1763 2228 122 2 4739 2 4259 2263 2 839 2263 2263 1498 2 2069 2263 1498 2 32 2263 122 2 7 2263 2069 2069 2 839 2228 2263 2 2 2 7 4739 2263 2 1498 2263 8415 2 32 1763 7 2 1498 7 4 1
0 0 0 0 0 0 0 0 0 0 0 0 0 0 0 0 0 0 0 0 0 0 0 0 0 0 0 0 7 4739 2263 2 32 974 4259 2 2263 2 3837 2263 7332 7 2 32 2263 2 3889 2228 1763 2263 122 2 7 974 2 7 4739 2263 2 4 2345 2069 2263 2263 1498 2 7 4739 2263 2 8415 4739 974 2228 2263 2 7 2 32 2263 1
0 0 0 0 0 0 0 0 0 0 0 0 0 0 0 4 974 2 4 974 2069 2069 3823 2 2 2228 2228 2 7 4739 2263 2 839 2 3889 2 7 2263 2345 4739 2 3889 1763 3823 4 2 122 974 1498 2 7 2 2228 2 3837 2263 2 7 4739 2263 2 839 2263 2 4 7 2 7 4739 2263 3823 2 2345 2069 2263 2 7 2263 122 2 1
0 0 0 0 0 0 0 0 0 0 0 0 0 0 0 0 0 0 0 2345 4739 2 2228 122 2 4 4739 2 2 1498 122 2 7 4739 2263 2 4259 2 4 1763 2 2228 4 2 8415 2263 2069 2263 2 7 2263 2069 2069 2 839 2228 2263 2 2 1763 7 7 2263 2069 2 122 2 4 2 7332 7332 974 2 1498 7 32 2263 1498 7 2 1
0 0 0 2345 4739 2263 2 7332 2 4 2263 1498 7 2 32 2263 1498 7 2 2228 2 7 3823 2 2228 2 3837 2263 2 2 2 4 974 2 7332 2 974 7332 2263 2069 2 2 2 2 1498 2 974 1929 1929 2263 1498 4 2263 2 7 974 2 2 1498 7 2263 2228 2228 2 3889 2263 1498 2345 2263 2 2 7 2263 2069 2069 2 839 2228 2263 2 1
0 0 0 0 0 0 0 0 0 0 0 0 0 0 0 0 0 0 0 0 2345 2 32 974 1498 2 3889 1763 3823 4 2 2 8415 4739 2263 2069 2263 2 2 4 2 7 4739 2263 2 2263 1498 122 2 1498 3889 2 2 2 2 8415 2263 2 3889 974 7 2 2 2 2 2069 122 4 2 974 1929 2 2 2 32 974 4259 2 2263 2 1
0 0 0 0 0 0 0 0 0 0 0 0 0 0 0 0 6362 1763 4 7 2 2345 2069 2263 2 7 2263 122 2 2 1498 2 2 2345 2345 974 1763 1498 7 2 7 974 2 4 2 3823 2 7 4739 2 4 2 2 4 2 7 4739 2263 2 8415 974 2069 4 7 2 2263 1498 122 2 1498 3889 2 2263 4259 2263 2069 2 2 2 2 1
0 0 0 0 0 0 0 0 0 0 0 0 0 0 0 0 0 0 0 0 0 2345 2 32 974 1498 2 3889 1763 3823 4 2 2 2 2 8415 4739 2263 2069 2263 2 4 2 7 4739 2263 2 2263 1498 122 2 1498 3889 2 2 8415 2263 2 3889 974 7 2 2 2 2 2069 122 4 2 974 1929 2 2 2 32 974 4259 2 2263 2 1
0 0 0 0 0 0 0 0 0 0 0 0 0 0 0 0 0 0 0 0 0 0 0 0 0 7 4739 2 4 2 2 4 2 974 1498 2263 2 974 1929 2 7 4739 2263 2 839 2263 4 7 2 2 1498 2 32 2 7 2263 122 2 32 974 4259 2 2263 4 2 2 2 2263 4259 2263 2069 2 8415 2 7 2345 4739 2263 122 2 1
0 0 0 0 0 0 0 0 0 0 0 0 0 0 0 0 0 0 0 0 0 0 0 0 0 0 0 122 974 1498 2 7 2 8415 2 4 7 2263 2 3823 974 1763 2069 2 7 2 32 2263 2 974 1498 2 7 4739 2 4 2 2 2 7 2 8415 2 4 2 4 974 2 7 2069 2 4 4739 2 2228 974 2228 2228 2228 2 1
0 0 0 0 0 0 0 0 0 0 0 0 0 0 0 0 0 0 0 0 0 0 0 7 4739 2 4 2 32 974 4259 2 2263 2 122 2 122 1498 2 7 2 1498 2263 2263 122 2 7 974 2 2263 1145 2 4 7 2 2 6362 1763 4 7 2 2228 2 3837 2263 2 7 4739 2263 2 2228 2 4 7 2 974 1498 2263 2 2 1
0 0 0 0 0 0 0 0 0 6362 2 2228 974 2 2 4 2 2 1498 2 2 7 2 2 7 4739 2 7 2 2228 2 7 2263 2069 2 2228 2228 3823 2 2 4 2 2263 1498 974 1763 3889 4739 2 7 974 2 32 2 3837 2263 2 2 7 2 2 2 2 2 2 974 1763 7 2 974 1929 2 2 2 2 32 974 4259 2 2263 1
0 0 0 0 0 0 0 0 0 0 0 0 0 0 0 0 0 4739 2 2228 1929 2 7 2069 1763 7 4739 4 2 4 974 2228 122 2 2 4 2 1929 2 2345 7 2 2 7 4739 2 4 2 2 4 2 1498 974 7 4739 2 1498 3889 2 32 974 2069 2263 2 7 4739 2 1498 2 7332 2069 974 7332 2 3889 2 1498 122 2 2 1
0 0 0 0 0 0 0 0 0 0 0 0 0 0 0 0 0 0 0 0 0 0 0 0 2263 1145 2345 2263 2228 2228 2263 1498 7 2 2345 2 4 7 2 2 2263 1498 6362 974 3823 2263 122 2 7 4739 2263 2 32 974 4259 2 2263 2 1929 2069 974 32 2 839 2263 3889 2 1498 1498 2 1498 3889 2 7 974 2 2263 1498 122 2 1
0 0 0 0 0 0 0 0 0 0 0 0 0 0 0 0 0 0 0 0 0 0 0 0 0 8415 4739 974 2 2 7 4739 2 7 2 8415 2 4 2 2345 2069 2263 2 7 2 4259 2263 2 2 2228 2 1763 3889 4739 2263 122 2 7 4739 2263 2 8415 4739 974 2228 2263 2 8415 2 3823 2 7 4739 2069 974 1763 3889 4739 2 2 1
0 0 0 0 0 0 0 0 0 0 0 0 0 0 0 0 0 0 0 0 0 0 0 2 2 1498 2263 2263 122 2263 122 2 2 2 1498 122 2 4739 2 122 2 2 2 2 4 7 2 1929 1929 2 122 2069 2 1498 3837 2 2 1929 7 2263 2069 2 4 2263 2263 2 1498 3889 2 7 4739 2 4 2 32 974 4259 2 2263 2 1
0 0 0 0 0 0 0 0 0 0 0 0 0 0 0 0 0 0 0 0 0 974 4259 2263 2069 2 2 2345 7 2263 122 2 2 7332 2069 2263 122 2 2345 7 2 839 2228 2263 2 2 122 2 122 1498 2 7 2 2228 2 1763 3889 4739 2 974 1498 2345 2263 2 2 1498 974 7 2 839 2263 2228 2 2263 4259 2 839 2228 2263 2 1
0 0 0 0 0 0 0 0 0 0 0 0 0 0 0 0 0 0 0 0 0 0 0 7 4739 2263 4 2263 2 2 2345 7 974 2069 4 2 2 2069 2263 2 32 1763 2345 4739 2 32 974 2069 2263 2 4 1763 2 7 2263 122 2 1929 974 2069 2 2 2 6362 974 839 2 2 1498 2 1929 2 4 7 2 1929 974 974 122 2 1
0 0 0 0 0 0 0 0 0 0 0 0 0 0 0 0 0 0 0 0 0 0 0 32 3823 2 839 974 122 3823 2 2 1498 122 2 4 974 1763 2228 2 8415 2 4 2 1498 974 7 2 2069 2263 2 122 3823 2 1929 974 2069 2 8415 4739 2 7 2 2 2 6362 1763 4 7 2 8415 2 7 1498 2263 4 4 2263 122 2 1
0 0 0 0 0 0 0 0 7 4739 2 4 2 32 974 4259 2 2263 2 32 2 122 2263 2 32 2263 2 2 2 122 974 3889 2 7332 2263 2069 4 974 1498 2 2 2 2 4739 2 4259 2263 2 1498 974 2 839 2263 2263 1498 2 4 974 2 122 2 4 7 1763 2069 839 2263 122 2 2 1498 2 32 3823 2 2228 2 1929 2263 2 1
0 0 0 0 0 0 0 0 0 0 0 0 0 0 0 0 0 0 0 0 0 0 0 0 0 0 0 8415 974 2069 4 7 2 32 974 4259 2 2263 2 2263 4259 2263 2069 2 2 4 974 2 839 2 122 2 32 3823 2 8415 2 1929 2263 2 2228 2263 1929 7 2 7 974 2 3889 974 2 4 4739 974 7332 7332 2 1498 3889 2 1
0 0 0 0 0 0 0 0 0 0 0 0 0 0 0 0 0 0 0 0 0 0 0 0 0 0 8415 974 8415 2 2 2 2 7 2263 2069 2069 2 839 2228 2263 2 2 2 2 2263 1498 974 1763 3889 4739 2 7 2 32 2263 2 4 7332 2263 1498 7 2 974 1498 2 7 4739 2 4 2 2069 2263 4259 2 2263 8415 2 2 2 1
0 0 0 0 0 0 0 0 0 0 0 0 0 0 0 0 0 0 32 974 4259 2 2263 4 2 2 4 2 3889 974 974 122 2 4 7 974 2069 3823 2 2 4 2 974 1498 2228 3823 2 974 1498 2263 2 4 2 122 2263 122 2 7332 1763 2069 2263 2 4 2263 2069 839 2 2 1498 2 7332 2069 974 7332 2 3889 2 1498 122 2 1
0 0 0 0 0 2 1929 2 3823 974 1763 2 2345 2 2069 2263 2 2 839 974 1763 7 2 3823 974 1763 2069 2 4 2263 2345 974 1498 122 2 2 32 2263 1498 122 32 2263 1498 7 2 2069 2 3889 4739 7 4 2 2 3823 974 1763 2 1498 2263 2263 122 2 7 974 2 4 2263 2263 2 7 4739 2 4 2 32 974 4259 2 2263 2 1
0 0 0 0 0 0 0 0 0 0 0 0 0 0 0 7 4739 2263 2 7 2069 2 2 2228 2263 2069 2 3889 2 4259 2263 4 2 2 8415 2 3823 2 7 4739 2263 2 2263 1498 7 2 2069 2263 2 32 974 4259 2 2263 2 2 122 974 1498 2 7 2 8415 2 7 2345 4739 2 7 4739 2263 2 7 2069 2 2 2228 2263 2069 2 1
0 0 0 0 0 0 0 0 0 0 0 0 0 0 0 0 0 0 0 0 0 0 0 0 0 0 0 0 1498 2263 7 1929 2228 2 1145 2 122 974 2 2 7 2 2 3889 2 2 1498 2 2 839 974 2069 2 1498 3889 2 7332 4 2263 1763 122 974 2 1929 2263 32 2 1498 2 4 7 2 1498 974 1498 4 2263 1498 4 2263 1
0 0 0 0 0 0 0 0 0 0 0 0 0 0 0 2 1498 2 2263 1498 6362 974 3823 2 839 2228 2263 2 32 974 4259 2 2263 2 3889 974 2 1498 3889 2 2263 1145 7332 2263 2069 2 2263 1498 2345 2263 2 2 7 4739 2069 2263 2263 2 2345 4739 2263 2263 2069 4 2 1929 974 2069 2 2 1498 122 2 2263 2 1929 2 2228 32 2 1
0 0 0 0 0 0 0 0 0 0 0 0 0 0 0 0 0 0 0 0 0 0 0 0 2 1929 7 2263 2069 2 7 2 2 7 122 1929 2 2 4 2 974 1498 2263 2 7 4739 2263 2 839 2263 4 7 2 7 2263 2069 32 2 1498 2 7 974 2069 2 32 974 4259 2 2263 2 32 1763 4 7 2 8415 2 7 2345 4739 1
0 0 0 0 0 0 0 0 0 0 0 0 0 0 0 0 0 0 0 0 0 0 974 1498 2263 2 4739 974 1763 2069 2 2 1498 122 2 1929 974 2069 7 3823 2 32 2 1498 1763 7 2263 4 2 974 1929 2 32 3823 2 2228 2 1929 2263 2 2 2 2228 2228 2 1498 2263 4259 2263 2069 2 3889 2263 7 2 839 2 2345 3837 2 1
0 0 0 0 0 0 0 0 0 0 0 0 8415 2 7 2345 4739 2263 122 2 7 4739 2 4 2 4739 2 3889 4739 2 2 8415 2263 2 2069 122 2 32 974 4259 2 2263 2 2 2 2 2 7332 2069 974 839 2 839 2228 3823 2 7 4739 2263 2 974 1498 2228 3823 2 8415 2 3823 2 7 974 2 8415 2 7 2345 4739 2 2 7 1
0 0 0 0 0 0 0 0 0 0 0 0 0 0 0 2345 2 2069 2 2 122 2263 2228 2263 4259 2 1498 3889 1498 2263 2 8415 2 4 2 2 1498 2345 2069 2263 122 2 839 2228 2263 2 2 1498 2 7 4739 2 4 2 32 974 4259 2 2263 2 2 1498 122 2 2 2228 4 974 2 6362 2 122 2263 1498 2 4 32 2 7 4739 1
0 0 0 0 0 0 0 0 0 0 0 0 0 0 0 2 2 2345 974 1763 2228 122 1498 2 7 2 839 2263 2228 2 2263 4259 2263 2 2 7 2 8415 2 4 2 2 4 2 3889 974 974 122 2 2 4 2 7 4739 2263 2 1929 2 2069 4 7 2 2 1498 122 2 4 2263 2345 974 1498 122 2 32 974 4259 2 2263 4 2 1
0 0 0 0 0 0 0 0 0 0 2 7 2 4 2 2 2 32 974 4259 2 2263 2 2 839 974 1763 7 2 1763 1498 2263 122 1763 2345 2 7 2263 122 2 4739 2 7332 4 7 2263 2069 4 2 8415 4739 974 2 7 2069 3823 2 7 974 2 3837 2 2228 2228 2 7 4739 2263 2 2069 2 7332 974 974 2069 2 122 974 3889 2 1
2228 2 7 2263 2069 2 2228 2228 3823 2 6362 1763 4 7 2 2 2 3889 1763 3823 2 974 1498 2 7 4739 2263 2 7332 4739 974 1498 2263 2 2 1498 974 7 4739 2 1498 3889 2 4739 2 7332 7332 2263 1498 4 2 2 1498 122 2 2 7 2 2 4 2 1929 2 2228 32 2263 122 2 2 1498 2 974 1498 2263 2 2069 974 974 32 2 1
0 0 0 0 0 0 0 0 0 0 0 0 0 0 0 0 0 2 1498 3823 974 1498 2263 2 7 4739 2 7 2 3889 2 4259 2263 4 2 7 4739 2 4 2 32 974 4259 2 2263 2 2 2 839 2 122 2 2069 2 7 2 1498 3889 2 1498 2263 2263 122 4 2 2 2 2069 2263 2 2228 2 7 3823 2 2345 4739 2263 2345 3837 1
0 0 0 0 2 2 839 2 7 2 7332 2263 2069 7332 2228 2263 1145 2263 122 2 8415 4739 3823 2 7 4739 2263 2 839 974 974 3837 2 2345 2 1763 4 2263 122 2 2 1498 3823 974 1498 2263 2 7 974 2 2345 974 1498 4 2 122 2263 2069 2 2 2 1929 2 2228 32 2 839 2 4 2263 122 2 1763 7332 974 1498 2 2 7 2 1
0 0 0 0 0 0 0 0 0 0 0 0 0 8415 4739 3823 2 8415 2 4 2 7 4739 2 4 2 32 974 4259 2 2263 2 32 2 122 2263 2 2 8415 4739 3823 2 122 2 122 2 32 3823 2 3889 2 2069 2228 1929 2069 2 2263 1498 122 2 2 4 3837 2 7 974 2 4 2263 2263 2 2 7 2 2 8415 4739 3823 2 2 1
0 0 0 0 0 122 974 1498 7 2 839 974 7 4739 2263 2069 2 8415 2 7 2345 4739 2 1498 3889 2 2 2 7 2 4 2 7 974 974 2 4 2 2228 2228 3823 2 7 974 2 839 2263 2 7 2069 1763 2263 2 2 2 2228 2 2263 1498 2 2 1498 4259 2 4 2 974 1498 2 3889 974 1498 2263 2 2345 4739 2263 2 7332 2 1
0 0 0 0 0 0 0 0 0 0 4 2 32 7332 2228 3823 2 1929 1763 1498 2 2 2 1498 122 2 8415 974 2069 7 4739 2 3823 974 1763 2069 2 7 2 32 2263 2 2 2 2 1498 2 2345 2263 2 2 122 122 2 7 2 974 1498 2 7 974 2 7 4739 2263 2 1929 2 2 32 7332 2 1929 2 3889 2263 1498 2069 2263 2 1
0 0 0 0 0 0 0 0 0 0 0 0 0 0 0 0 0 0 0 0 0 0 0 0 4 974 2 1929 1763 1498 1498 3823 2 2 1498 122 2 8415 2 2228 2228 2 839 2263 2 4 2263 5102 1763 2263 2228 2 2 7 974 7 2 2228 2228 3823 2 1498 974 7 2 8415 4739 2 7 2 2 2 2263 1145 7332 2263 2345 7 2263 122 1
0 0 0 0 0 0 0 0 2 2 1929 1763 1498 2 839 2069 2 2 1498 2 2345 2 1498 122 3823 2 32 974 4259 2 2263 2 2 2 3889 974 974 122 2 2 2345 7 2 974 1498 2 2 2 1929 1763 1498 2 122 2 2 2228 974 3889 2 2 2 2 3889 2263 1498 1763 2 1498 2263 2228 3823 2 3889 974 974 122 2 122 2 3823 1
0 0 0 0 0 0 0 0 0 0 0 0 0 0 0 0 0 0 0 0 0 0 0 0 0 0 0 0 0 8415 4739 2 7 2 2345 2 1498 2 2 2 4 2 3823 2 2 2 7 2 4 2 2 32 2 7146 2 1498 3889 2 2 2345 7 2 974 1498 2 974 1498 2 7 4739 2 4 2 3823 2263 2 2069 4 2 2 1
0 0 0 0 0 0 2 2 2263 1145 7332 2263 2345 7 2263 122 2 7 4739 2 4 2 32 974 4259 2 2263 2 8415 2 2228 2228 2 3889 2263 7 2 839 2228 974 2345 3837 2 839 1763 4 7 2263 2069 2 2 1929 2 1498 2 2228 2228 3823 2 7332 2069 974 4259 2263 122 2 2 7 2 839 3823 2 7 4739 2263 2 2069 974 2345 3837 1
0 0 0 0 0 0 0 0 0 0 0 0 0 0 0 0 0 0 0 0 0 0 0 0 0 0 0 0 6362 1763 4 7 2 2 1498 974 7 4739 2263 2069 2 6362 1763 1498 3837 2 32 974 4259 2 2263 2 839 3823 2 7 4739 2263 2 4739 974 2228 2228 3823 8415 2263 2 2069 122 2 32 974 4259 2 2263 2 32 2 2228 2228 1
0 0 0 0 0 0 0 0 0 0 0 0 0 0 0 0 0 0 0 0 0 0 0 0 7 974 2 32 1763 2345 4739 2 1929 2 1498 7 2 4 2 2263 2 2 1498 2 7 4739 2 4 2 32 974 4259 2 2263 2 4739 2 122 2 1498 974 7 4739 2 1498 3889 2 7 974 2 122 974 2 8415 2 7 4739 2 1929 1929 1
0 0 0 0 0 0 0 0 0 0 0 0 0 0 1498 974 7 4739 2 1498 3889 2 7 974 2 4 2 3823 2 2 839 974 1763 7 2 7 4739 2 4 2 32 974 4259 2 2263 2 2 2 2 2 4 2 8415 2 2 7 2 974 1498 2228 3823 2 1929 974 2069 2 122 8415 2 3823 1498 2263 2 6362 974 4739 1498 4 974 1498 1
0 0 0 0 0 0 0 0 0 0 0 0 0 0 0 0 0 0 0 0 0 0 0 0 0 0 0 8415 4739 2263 1498 2 7 4739 2263 2 839 2263 2 4 7 2 2345 2 1763 3889 4739 7 2 7 4739 2 7 2 7 2 839 2228 2263 2 2 2 7 2 2069 2263 2 2228 2228 3823 2 32 974 4259 2263 122 2 32 2263 2 1
0 0 0 0 0 0 0 0 0 0 0 0 0 0 0 0 1763 7 7 2263 2069 2 7 2 32 2263 2 8415 2 4 7 2263 2 2 2 2 1498 974 2 4 2263 1498 4 2263 2 7 974 2 7 4739 2263 2 4 7 974 2069 3823 2 2 2 2069 2 122 2 2345 1763 2228 974 1763 4 2 122 1763 839 839 2 1498 3889 2 2 1
0 0 8415 4739 2 2228 2263 2 2 2 8415 2 4 2 8415 2 7 2345 4739 2 1498 3889 2 7 4739 2263 2 32 974 4259 2 2263 2 2 2 974 1498 2228 3823 2 7 4739 974 1763 3889 4739 7 2 2 7 2 8415 2 4 2 839 2263 7 7 2263 2069 2 7 974 2 4 2263 2263 2 7332 2263 2228 2263 2 4 2 1929 2 2228 32 1
0 0 0 0 0 0 0 0 0 0 1498 974 7 2 4259 2263 2069 3823 2 3889 974 974 122 2 32 974 4259 2 2263 2 2 2 2 2228 974 7 2 974 1929 2 2263 2069 2069 974 2069 4 2 2 2 2 2069 2263 2 2228 2228 3823 2 2228 974 4 7 2 32 3823 2 7 2 32 2263 2 4 2263 2263 2 1498 3889 2 2 7 2 1
0 0 0 0 0 0 0 0 0 0 0 0 0 0 0 0 0 0 0 0 0 0 0 839 2 2228 2263 4259 2263 2228 2 2345 2 4 7 2 2 1498 122 2 2 2345 7 2 1498 3889 2 2 32 2 122 2263 2 1763 7332 2 1929 2 2345 7 4 2 2 1498 2 7 4739 2263 2 4 2345 2069 2263 2263 1498 7332 2228 2 3823 2 1
0 0 0 0 0 0 0 0 0 0 0 0 0 0 0 0 0 0 0 0 0 0 0 7332 2 7 4739 2263 7 2 2345 2 2 2345 7 2 1498 3889 2 2 839 2 3837 8415 2 4 2 4 7 974 2069 3823 2 1498 974 7 2 8415 974 2069 7 4739 2 2 7 2 2 8415 2 4 7 2263 2 974 1929 2 7 2 32 2263 1
0 0 0 0 0 0 0 0 0 0 0 0 0 0 0 0 2263 1145 2345 2263 2228 2228 2263 1498 7 2 4 7 974 2069 3823 2 2 4739 974 2069 2069 2 839 2228 2263 2 32 974 4259 2 2263 2 2 32 2 3823 839 2263 2 4739 974 2228 3823 8415 974 974 122 2 2345 2 1498 2 122 974 2 2 7 2 839 2263 7 7 2263 2069 1
0 0 0 0 0 0 0 0 0 0 8415 974 2069 4 7 2 2263 4259 2263 2069 2 4 1763 7332 2263 2069 2 4739 2263 2069 974 2 32 974 4259 2 2263 2 3889 2 2228 2 3889 2 122 974 7 2 2345 2 1498 1498 974 7 2 2 2345 7 2 3889 2 2228 2 3889 2 122 974 7 2 2345 2 1498 1498 974 7 2 4 2 1498 3889 1
0 0 0 0 2345 974 32 7332 2228 2263 7 2263 2 8415 2 4 7 2263 2 974 1929 2 7 2 32 2263 2 2 2 7 2 4 2 7 4739 2263 2 4 2 32 2263 2 2263 1145 7332 2263 2069 2 2263 1498 2345 2263 2 2 2 4739 2 122 2 1929 974 2069 2 3837 2 2 2228 2 2 7 974 7 2 2228 2 2228 974 4 4 2 1
0 0 0 0 0 0 0 0 0 4259 2263 2069 3823 2 839 974 2069 2 1498 3889 2 32 974 4259 2 2263 2 32 2 122 2263 2 839 3823 2 2 1498 1763 2069 2 3889 2 32 3823 2 2263 1145 7332 2263 2345 7 2 7 2 974 1498 4 2 2 4 2 4259 2263 2069 3823 2 4739 2 3889 4739 2 1929 2069 974 32 2 4739 2 32 2 1
0 0 0 0 0 0 8415 974 2069 4 7 2 32 974 4259 2 2263 2 2 7 4739 2263 2 2 2345 7 974 2069 4 2 4739 2 4259 2263 2 1498 974 7 2 7332 2263 2069 1929 974 2069 32 2263 122 2 8415 2263 2228 2228 2 122 2 2069 2263 2345 7 2 974 1498 2 8415 2 4 2 839 2 3889 2 2228 2263 7 2 122 974 8415 1498 1
0 0 0 0 0 0 0 0 0 0 0 0 0 0 0 4 7 974 2069 3823 2228 2 1498 2263 2 1498 974 7 2 3889 974 974 122 2 2 2 2345 7 2 1498 3889 2 4739 2 4 2 7 974 2 839 2263 2 8415 974 2069 3837 2263 122 2 974 1498 2 32 974 2069 2263 2 2 2345 974 7332 2 2263 122 2 7332 2228 974 7 2 1
0 0 0 0 1498 2263 7332 974 7 2 4 32 2 2069 974 2345 3837 4 2 2 1763 122 2 2263 1498 2345 2263 2 4 4739 974 1763 2228 122 2 8415 2 7 2345 4739 2 2 4259 2263 1498 3889 2263 2069 4 2 2 1498 122 2 7 2 32 2263 2 974 7 4739 2263 2069 2 7 4739 2 1498 2 7 4739 2 4 2 1929 2228 974 7332 2 1
0 0 0 0 0 0 0 0 0 0 0 0 0 0 0 0 0 0 0 0 0 0 0 0 0 0 0 0 0 839 974 2069 2 1498 3889 2 32 974 4259 2 2263 2 8415 974 2069 4 7 2 2 2345 7 2 1498 3889 2 839 3823 2 7 2 3889 2263 2069 2 3837 6362 974 2 2 7 2 4739 2 4 2 8415 974 2069 4 7 1
0 0 0 0 839 2263 7 7 2263 2069 2 4 2 4259 2263 2 3823 974 1763 2069 2 4739 2 2069 122 2 2263 2 2069 1498 2263 122 2 32 974 1498 2263 3823 2 2069 2 7 4739 2263 2069 2 7 4739 2263 1498 2 8415 2 7 2345 4739 2 1498 3889 2 4 974 32 2263 7 4739 2 1498 3889 2 2228 2 3837 2263 2 7 4739 2 4 2 1
0 0 0 0 0 0 0 0 0 0 0 0 0 0 0 0 0 0 0 0 0 0 0 0 0 0 0 0 0 0 32 974 4259 2 2263 2 32 2 122 2263 2 32 2263 2 1929 2263 2263 2228 2 32 974 7 2 4259 2 7 2263 122 2 2 2 1498 122 2 2228 974 4259 2263 2 3823 974 1763 2 2 1498 2 1498 3823 2 2 1
0 0 0 0 0 0 0 0 0 0 0 0 0 0 0 0 0 0 0 2 1498 2 2 32 7332 974 2069 7 2 1498 7 2 2 1498 122 2 4 7 2069 974 1498 3889 2 8415 2 2069 1498 2 1498 3889 2 2 3889 2 2 1498 4 7 2 2069 2 3889 4739 7 2 8415 2 1498 3889 2 2263 1145 7 2069 2263 32 2 4 32 2 1
0 0 0 0 0 0 839 2069 2 2228 2228 2 2 1498 7 2 2 2345 7 2 1498 3889 2 2 839 2069 2 2228 2228 2 2 1498 7 2 2 2345 7 2 974 1498 2 2 3889 2069 2263 2 7 2 32 974 4259 2 2263 2 2 7 4739 1145 2 1763 2 1929 974 2069 2 2263 1498 7 2263 2069 7 2 2 1498 2 1498 3889 2 1763 4 1
0 0 0 0 0 0 0 0 0 0 0 7 4739 2263 2 7332 2228 2 2345 2263 2 839 2263 3823 974 1498 122 2 7 4739 2263 2 7332 2 1498 2263 4 2 2 2 1498 974 2 2345 974 1763 1498 7 2069 3823 2 1929 974 2069 2 974 2228 122 2 32 2263 1498 2 2 3889 974 974 122 2 6362 974 839 2 1498 2263 7 1929 2228 2 1145 1
0 0 0 0 0 0 0 0 0 0 0 0 0 0 0 0 0 0 0 0 0 0 7 4739 2263 2 8415 974 2069 4 7 2 1929 2 2228 32 2 2 1498 2 7 4739 2263 2 4 2263 2069 2 2263 4 2 2 7332 2 7 3823 2 974 1498 2 3823 974 1763 2069 2 32 974 1498 2263 3823 2 2 1498 122 2 7 2 32 2263 2 1
32 2 2069 3837 2 8415 2 4739 2228 839 2263 2069 3889 2 122 2 122 2 3889 2069 2263 2 7 2 839 1763 7 2 7 4739 2263 2 2069 2263 2 2228 2 7 2 2228 2263 1498 7 2 2 4 2 2 1498 2 7 4739 2 7 2 2069 1763 4 4 2 3889 1763 3823 2 2 3889 974 2 3889 2263 7 2 2263 32 2 2069 1763 4 4 2 1
0 0 0 0 2 2 1498 2263 2263 122 2 7 974 2 2069 2263 8415 2 7 2345 4739 2 2069 2 2345 2263 2 2 2 2 1498 122 2 2069 2 2345 2263 2 2 2 7 974 2 3889 2263 7 2 974 4259 2263 2069 2 7 4739 2 4 2 1929 2 2228 32 2 2 2345 974 32 7332 2228 2263 7 2263 2 7 974 2069 7 1763 2069 2263 2 1
0 0 0 0 0 0 0 7 4739 2263 2 8415 974 2069 4 7 2 32 974 4259 2 2263 2 974 1929 2 7 4739 2263 2 3823 2263 2 2069 2 2 2 8415 974 1763 2228 122 2 4 2 3823 2 2 2 2 7 974 7 2 2228 2 8415 2 4 7 2263 2 974 1929 2 32 974 1498 2263 3823 2 2 1498 122 2 7 2 32 2263 2 1
0 0 0 0 0 32 974 4259 2 2263 4 2 122 2263 4 2263 2069 4259 2263 4 2 2 2 974 1763 7 2 974 1929 2 2 2 2 2 1498 974 7 4739 2 1498 3889 2 2 4 2 8415 2 7 2345 4739 2 839 2228 2263 2 2 1498 2 2069 2 2345 2263 2 2 2 2 2 8415 2 4 7 2263 2 974 1929 2 7 2 32 2263 1
0 0 0 0 0 0 0 3823 974 1763 2 3889 2263 7 4 2 839 974 2069 2263 122 2 2 1498 2 1929 2 2069 4 7 2 2 2 32 2 1498 4 2 2 7 4 2263 2228 1929 2 2 2 2 7 4739 2 2069 122 2 2345 2228 2 4 4 2 32 974 4259 2 2263 2 974 1929 2 7 4739 2263 2 3823 2263 2 2069 2 2 2 1
0 0 0 0 0 8415 4739 2263 1498 2 2 2 1929 2 2069 4 7 2 4 2 8415 2 7 4739 2263 2 7 2069 2 2 2228 2263 2069 2 2 2 8415 2 4 1498 2 7 2 2 32 7332 2069 2263 4 4 2263 122 2 2 839 1763 7 2 32 974 4259 2 2263 2 8415 2 4 2 7332 2069 2263 7 7 3823 2 3889 974 974 122 2 1
0 0 0 0 0 0 0 0 0 0 0 0 0 0 0 0 0 0 0 0 0 2 7 2 6362 1763 4 7 2 8415 2 4 2 2 32 2 7146 2 1498 3889 2 2345 2 1763 4 2263 2 2 7 2 3837 2263 7332 7 2 32 2263 2 974 1498 2 7 4739 2263 2 2263 122 3889 2263 2 974 1929 2 32 3823 2 4 2263 2 7 1
0 0 0 0 0 0 2345 974 1498 7 2 2 1498 4 2 7 4739 2263 2 32 974 4 7 2 2069 2263 2 2228 2 4 7 2 2345 2 2228 974 974 3837 2 1498 3889 2 4 2263 4259 2263 2069 2263 122 2 122 2 2345 3837 2 7332 2069 974 4 7 4739 2263 7 2 2345 2 2 2 4259 2263 2 2263 4259 2263 2069 2 4 2263 2263 1498 1
0 0 0 0 0 0 0 0 0 0 0 0 0 0 0 0 0 0 0 0 0 0 0 0 0 2 2 8415 2 7 2345 4739 2263 122 2 7 4739 2 4 2 974 1498 2 2228 4 122 2 2 1498 122 2 1498 974 8415 2 2 2 32 2 974 1929 1929 2 32 3823 2 3889 974 122 122 2 32 1498 2 2069 974 2345 3837 2263 2069 1
0 0 0 0 2069 2263 4259 2263 2 2228 4 2 2 2 2228 974 7 2 974 1929 2 1498 2263 8415 2 2 1498 1929 974 2069 32 2 7 2 974 1498 2 7 974 2 7 4739 974 4 2263 2 8415 4739 974 2 122 974 1498 2 7 2 2 1498 4259 2263 4 7 2 3889 2 7 2263 2 2 2263 3823 2263 2 974 7332 2263 1498 2263 2069 2 1
0 0 0 0 0 0 0 0 0 0 0 0 0 0 0 0 0 32 974 2069 2263 2 2345 974 1498 4 7332 2 2069 2 2345 3823 2 7 4739 2263 974 2069 3823 2 2345 2228 2 7332 7 2069 2 7332 2 8415 4739 2 2345 4739 2 7 4739 2263 2 2345 2228 1763 2263 2228 2263 4 4 2 8415 2 2228 2228 2 2228 2 7332 2 1763 7332 2 1
0 0 7 4739 2 4 2 32 974 4259 2 2263 2 32 2 3837 2263 4 2 32 2263 2 2 1929 2069 2 2 122 2 1929 974 2069 2 7 4739 2263 2 1929 1763 7 1763 2069 2263 2 974 1929 2 2 1763 7 2 4 7 2 2345 2 2069 2263 7332 2069 2263 4 2263 1498 7 2 7 2 974 1498 2 2 1498 2 32 2263 122 2 2 2 1
0 0 0 0 0 0 0 0 0 0 0 0 0 0 0 0 0 0 0 0 2 2 2228 974 4259 2263 2 7 4739 2 4 2 32 974 4259 2 2263 2 2 7 4739 2263 2 32 1763 4 2 2345 2 2 1498 122 2 7 4739 2263 2 122 2 1498 2345 2263 2 2 4 2 2069 2263 2 2228 2228 3823 2 2 32 2 7146 2 1498 3889 1
0 0 4 2 8415 2 32 1763 4 2 2345 2 3823 2263 4 7 2263 2069 122 2 3823 2 2 2 2 839 1763 2069 4 7 2 2 1498 7 974 2 7 2263 2 2069 4 2 2345 2 1763 4 2263 2 2 2 8415 2 4 2 4 974 2 32 974 4259 2263 122 2 2 839 2263 2 1763 7 2 1929 1763 2228 2 32 974 4259 2 2263 2 1
0 0 0 0 0 0 0 0 0 0 0 0 0 0 0 0 0 2 7 2 8415 2 4 2 4 974 2 839 2 122 2 2 2 2345 2 1498 2 7 2 1763 1498 122 2263 2069 4 7 2 1498 122 2 4739 974 8415 2 32 974 4259 2 2263 4 2 2228 2 3837 2263 2 7 4739 2263 4 2263 2 3889 2263 7 2 32 2 122 2263 1
0 0 0 0 0 0 0 0 2 1929 2 3823 974 1763 2 2228 2 3837 2263 2 2 2 839 2 7 2 2345 2069 2263 2263 7332 3823 2 2 4 2345 2 2069 3823 2 2 1498 122 2 2228 2263 1929 7 2 3889 1763 2263 4 4 2 1498 3889 2 2 3889 2069 2263 2 7 2 32 974 4259 2 2263 2 7 974 2 8415 2 7 2345 4739 2 1
0 0 0 0 0 0 0 0 0 0 4739 974 8415 2 122 2 122 2 6362 974 4 2263 7332 4739 2 2 1498 122 2 6362 2 32 2 2263 2 3889 2263 7 2 7 2 2228 3837 2263 122 2 2 1498 2 7 974 2 122 974 2 1498 3889 2 7 4739 2 4 2 2069 2263 122 2 2345 1763 2228 974 1763 4 2 32 974 4259 2 2263 2 1
0 0 0 0 0 0 0 0 0 0 0 0 0 0 0 0 0 0 0 0 0 0 0 0 0 0 0 0 839 974 2069 2 1498 3889 2 32 974 4259 2 2263 2 2 1498 974 7 2 1929 1763 1498 2 2 7 2 2 2228 2228 2 2 2345 974 32 7332 2228 2263 7 2263 2 8415 2 4 7 2263 2 974 1929 2 7 2 32 2263 1
0 0 0 0 0 0 0 0 0 0 0 0 0 0 0 0 0 0 0 0 0 0 0 0 0 0 0 0 0 122 974 1498 2 7 2 8415 2 4 7 2263 2 3823 974 1763 2069 2 32 974 1498 2263 3823 2 2 1498 122 2 7 2 32 2263 2 974 1498 2 4 1763 2345 4739 2 7332 974 974 2069 2 32 974 4259 2 2263 2 1
0 0 0 0 0 0 0 0 0 0 0 0 0 0 0 0 0 0 2263 4259 2263 1498 2 122 974 1498 2 7 2 8415 2 7 2345 4739 2 1929 2069 2263 2263 2 8415 4739 2263 1498 2 2345 974 32 2263 4 2 974 1498 2 7 4259 2 2345 974 32 7332 2228 2263 7 2263 2 8415 2 4 7 2263 2 974 1498 2 7 2 32 2263 2 1
0 0 0 0 0 0 0 0 7332 2 7 4739 2263 7 2 2345 2 32 974 4259 2 2263 2 2 839 2 122 2 2 2345 7 2 1498 3889 2 839 2 122 2 4 7 974 2069 3823 2 2 839 2263 7 7 2263 2069 2 8415 2 7 2345 4739 2 2 122 2 2228 2 7 2 8415 2 7 4739 2 3837 122 2 7332 2 7 4739 2 3837 1
0 0 0 0 0 0 0 0 0 0 0 0 0 0 0 0 0 0 0 32 974 4259 2 2263 2 32 2 122 2263 2 7 974 2 4 1763 2 7 2 7 4739 2263 2 2 3889 2263 1498 122 2 2 974 1929 2 974 7332 7332 974 4 2 7 2 974 1498 2 2 1498 122 2 2228 2263 1929 7 2 2228 974 839 839 3823 2 2 2 1
0 0 0 0 0 0 0 0 0 0 0 0 0 0 0 0 0 0 0 0 0 122 974 1498 7 2 8415 2 4 7 2263 2 3823 974 1763 2069 2 32 974 1498 2263 3823 2 974 1498 2 7 4739 2 4 2 32 974 4259 2 2263 2 2 2 1498 4 7 2263 2 122 2 122 974 1498 2 7 2263 2 3823 974 2 7332 974 974 2069 1
0 0 0 0 0 0 0 0 0 0 0 0 0 0 0 0 0 2 2 7332 2 2263 2345 2263 2 974 1929 2 2345 2069 2 7332 2 4 2 4259 2263 2 3823 974 1763 2069 2 32 974 1498 2263 3823 2 2 1498 122 2 8415 2 7 2345 4739 2 1498 122 7 4259 2 2 2 4 2 32 2263 2 7332 2263 4 4 2 32 2 4 32 1
0 0 0 0 0 0 0 0 0 0 0 0 0 0 0 4 974 32 2263 7 4739 2 1498 3889 2 7 974 2 7 4739 2 1498 3837 2 2 839 974 1763 7 2 2 1498 122 2 2 2 3889 2069 2263 2 7 2 32 974 4259 2 2263 2 7 974 2 4 2263 2263 2 8415 2 7 4739 2 7 4739 2263 2 1929 2 32 2 2228 3823 1
0 0 0 0 0 0 0 0 0 0 0 0 0 0 0 0 0 0 0 0 0 0 0 0 0 0 0 2 2 8415 2 4 7 2263 122 2 32 3823 2 7 2 32 2263 2 8415 2 7 2345 4739 2 1498 3889 2 7 4739 2 4 2 32 974 4259 2 2263 2 2 7 2 4739 2 4 2 1498 974 2 2263 1498 122 2 1498 3889 1
0 0 0 0 0 0 0 0 0 0 0 0 0 0 0 0 0 0 0 0 0 0 0 0 0 0 0 839 3823 2 1929 2 2069 2 974 1498 2263 2 974 1929 2 7 4739 2263 2 839 2263 4 7 2 4739 974 2069 2069 974 2069 2 1929 2 2228 32 4 2 2 2 4739 2 4259 2263 2 2263 4259 2263 2069 2 4 2263 2263 1498 2 1
0 0 0 0 0 0 0 0 0 0 0 0 0 0 0 0 0 0 0 0 0 0 0 4 1763 7332 2263 2069 839 2 32 974 4259 2 2263 2 2 1929 7 2263 2069 2 8415 2 7 2345 4739 2 1498 3889 2 7 4739 2 4 2 2 2 32 2 839 2263 2345 2 32 2263 2 2 2 1929 2 1498 2 974 1929 2 3823 2 4 4739 1
0 0 0 0 0 0 0 0 0 0 0 0 0 0 0 0 0 0 0 0 0 2069 2263 2 2228 2228 3823 2 2 32 2 7146 2 1498 3889 2 32 974 4259 2 2263 2 8415 2 7 4739 2 2 8415 2263 4 974 32 2263 2 2345 2 1498 2263 32 2 7 974 3889 2069 2 7332 4739 3823 2 2 1498 122 2 2 2345 7 2 974 1498 1
0 0 0 0 0 0 0 0 0 0 0 0 0 0 0 7 4739 2 4 2 32 974 4259 2 2263 2 122 974 2263 4 2 7 974 2 7 2069 2 4259 974 2228 7 2 2 8415 4739 2 7 2 839 2 7 7 2228 2263 1929 2 2263 2228 122 2 2263 2 2069 7 4739 2 122 2 122 2 7 974 2 32 974 4259 2 2263 4 2 1
0 0 0 0 0 0 0 0 0 0 0 0 0 0 0 0 0 0 0 0 0 0 0 0 0 0 0 0 0 0 3823 974 1763 2 6362 1763 4 7 2 2345 2 1498 2 7 2 4739 2 4259 2263 2 2 2 839 2 122 2 7 2 32 2263 2 8415 2 7 2345 4739 2 1498 3889 2 7 4739 2 4 2 32 974 4259 2 2263 1
0 0 0 0 0 0 0 0 0 0 0 0 0 0 0 0 0 122 974 1498 2 7 2 8415 2 7 2345 4739 2 2 7 2 2 7332 2 7 4739 2263 7 2 2345 2 32 974 4259 2 2263 2 2 6362 1763 4 7 2 8415 2 4 7 2263 2 974 1929 2 7 2 32 2263 2 2 1498 974 2 2345 974 1498 2345 2263 7332 7 2 1
0 0 0 0 0 0 0 0 0 0 0 0 0 0 0 0 0 0 0 0 0 0 0 8415 974 2069 4 7 2 32 974 4259 2 2263 2 2 2 2263 4259 2263 2069 2 4 2263 2263 1498 2 2 2263 1145 7332 2263 2345 7 2263 122 2 7 4739 2 7 2 974 1498 2228 3823 2 2 1498 974 7 4739 2 1498 3889 2 1498 2263 8415 2 1
0 0 0 0 0 0 0 0 0 0 0 0 0 0 2345 974 32 7332 2228 2263 7 2263 2 8415 2 4 7 2263 2 974 1929 2 2 2 1498 2 2345 2263 2 4 2 7 1763 2069 122 2 3823 2 32 974 2069 1498 2 1498 3889 2 2 2 7 4739 2263 2 8415 974 2069 4 7 2 32 974 4259 2 2263 2 2263 4259 2263 2069 2 2 1
0 0 0 0 0 0 0 0 0 0 0 0 0 0 0 0 0 0 0 0 0 0 4 2 32 7332 2228 3823 2 8415 2 4 7 2263 2 974 1929 2 7 2 32 2263 2 2 1498 974 2 4 7 974 2069 3823 2 2228 2 1498 2263 2 8415 2 7 4739 2 7332 974 974 2069 2 7332 2263 2069 1929 974 2069 32 2 1498 2345 2263 4 1
0 0 0 0 0 0 0 0 0 0 0 0 0 0 0 0 0 0 0 0 0 0 0 0 0 0 0 0 0 974 1498 2263 2 974 1929 2 7 4739 2263 2 8415 974 2069 4 7 2 32 974 4259 2 2263 4 2 839 2263 2 1498 3889 2 32 2 122 2263 2 2 1498 2 2069 2263 2345 2263 1498 7 2 7 2 32 2263 4 2 1
0 0 0 0 0 0 0 0 0 0 0 0 0 0 0 0 0 0 0 0 0 0 0 0 2 2228 2 2 2 4 2 2 2345 7 2 1498 3889 2 2 4 2 6362 1763 4 7 2 2 8415 2263 4 974 32 2263 2 2 2 2 2228 974 4259 2263 2 7 4739 2 4 2 32 974 4259 2 2263 2 4 974 2 32 1763 2345 4739 1
0 0 0 0 0 0 0 0 0 0 0 0 0 0 0 0 0 0 0 0 2 8415 2263 4 974 32 2263 2 32 974 4259 2 2263 2 2 2 2 4 2 1498 6362 2 3823 2 122 1763 7 7 2 2 1498 122 2 2 2228 2 2 2 839 4739 2 7 7 2 2 2345 7 2 1498 3889 2 2 2 8415 2 8415 2 2 2 2 1
0 0 0 1498 2 2345 2263 2 974 1498 2263 2 4 974 1498 3889 4 2 2 2069 2263 2 4259 2263 2069 3823 2 3889 974 974 122 2 2228 974 4259 2263 122 2 2 7 2 2 2 122 974 1498 7 2 3837 1498 974 8415 2 8415 4739 3823 2 2263 4259 2263 2069 3823 974 1498 2263 2 2 4 2 4739 2 7 2 1498 3889 2 2 7 2 2 1
0 0 0 0 0 0 0 0 0 0 0 0 2228 974 4259 2263 122 2 7 4739 2263 2 32 974 4259 2 2263 2 2 8415 2 7 2345 4739 2263 122 2 2 7 2 974 1498 2228 3823 2 1929 974 2069 2 4 2 1498 6362 2 3823 2 122 1763 7 7 2 2 1498 122 2 4739 2263 2 8415 2 4 2 2 32 2 7146 2 1498 3889 2 1
0 0 0 3823 974 1763 2 8415 2 2228 2228 2 839 2263 2 3889 2228 1763 2263 122 2 7 2 2228 2228 2 7 4739 2263 2 2263 1498 122 2 2 4 7332 2228 2263 1498 122 2 122 2 2 2345 7 2 1498 3889 2 839 3823 2 2 2228 2 2 2 839 4739 2 7 7 2 2 1498 122 2 4 2 1498 6362 2 3823 2 122 1763 7 7 1
0 0 0 0 0 0 8415 7 1929 2 2263 4259 2263 1498 2 8415 2 4 2 7 4739 2 7 2 2 2 2 2 2 2 2 2 2 3823 974 1763 2 3837 1498 974 8415 2 8415 4739 2 7 2 2 6362 1763 4 7 2 7 4739 2069 974 8415 2 7 4739 2263 2 8415 4739 974 2228 2263 2 32 974 4259 2 2263 2 2 8415 2 3823 2 1
4739 974 8415 2 2345 974 1763 2228 122 2 3823 974 1763 2 122 974 2 7 4739 2 4 2 7 974 2 32 3823 2 2345 4739 2 2069 2228 974 7 7 2263 2 2 2345 2228 2 2345 4739 2263 2 2 1498 122 2 1498 974 2 7 1763 2069 1498 2 1498 3889 2 7332 974 2 1498 7 2 8415 2 4 7 2263 2 32 3823 2 2228 2 1929 2263 1
0 0 0 0 2 7 4 2 1498 2263 2 7 4739 2263 2069 2 1929 1763 1498 2 974 2069 2 4 2345 2 2069 3823 2 2 2 2263 4259 2263 2069 3823 7 4739 2 1498 3889 2 2 839 974 1763 7 2 7 4739 2 4 2 1929 2 2228 32 2 4 1763 2345 3837 4 2 2 2 122 974 1498 7 2 8415 2 7 2345 4739 2 2 7 2 1
0 0 0 0 0 2 1498 2345 2069 2263 122 2 839 2228 2263 2 32 974 4259 2 2263 2 2 7 974 2263 2 2 2228 974 4 2263 4 2 7 2 32 2263 2 8415 4739 2263 1498 2 2 7 2 122 974 2263 4 2 1498 974 7 2 32 2 3837 2263 2 122 2069 2 3889 974 1498 2 839 2 2228 2228 2 32 974 4259 2 2263 4 2 1
0 0 0 0 0 0 0 0 0 0 0 0 0 0 0 0 0 0 0 0 2 839 4 974 2228 1763 7 2263 2228 3823 2 1929 2 1498 7 2 4 7 2 2345 2 2 1929 974 2069 2 32 974 2069 2263 2 32 974 4259 2 2263 4 2 2 1498 122 2 2 1498 2 32 2263 2 122 2069 2 3889 974 1498 2 839 2 2228 2228 2 1
0 0 0 0 0 0 0 0 0 0 0 0 0 0 0 0 0 0 0 0 2 2 32 1763 4 7 2 8415 2 7 2345 4739 2 1929 2 2228 32 2 1929 974 2069 2 2263 4259 2263 2069 3823 2 122 2069 2 3889 974 1498 2 839 2 2228 2228 2 1929 2 1498 2 2 2069 974 1763 1498 122 2 7 4739 2263 2 3889 2228 974 839 2263 1
0 0 7 4739 2263 2 1929 2 2069 4 7 2 32 974 4259 2 2263 2 8415 2 4 2 4 974 2 32 1763 2345 4739 2 839 2263 7 7 2263 2069 2 2 1498 122 2 1929 1763 1498 1498 2 2263 2069 2 2 7 4739 2 4 2 974 1498 2263 2 6362 1763 4 7 2 2228 2 2345 3837 2263 122 2 4 974 32 2263 7 4739 2 1498 3889 1
0 0 0 0 0 0 0 0 0 0 0 0 0 7 974 7 2 2228 2228 3823 2 32 2263 2 1498 2 1498 3889 2228 2263 4 4 2 2 8415 4739 3823 2 2263 4259 2263 1498 2 122 974 2 2 2 4 2263 5102 1763 2263 2228 2 2 2 2 4 974 2 32 2 1498 3823 2 8415 2263 2 2069 122 2 4 2345 2263 1498 2263 4 2 3837 1
0 0 0 0 0 0 0 0 0 0 0 0 0 2069 2263 2 2228 2228 3823 2 2263 1498 6362 974 3823 2263 122 2 7 4739 2263 2 7332 2228 2 3823 2 974 1929 2 7 4739 2263 2 2 2345 7 974 2069 4 2 2 1498 122 2 2 1763 7 4739 2263 1498 7 2 2345 2 7 3823 2 974 1929 2 7 4739 2263 2 7332 2228 974 7 2 1
0 0 0 0 0 0 0 122 974 1498 2 7 2 3889 974 2 1929 974 2069 2 2345 2069 2 7 2 2345 4 2 2069 2263 4259 2 2263 8415 2 2 2 7 2 2 4 2 974 1498 2263 2 974 1929 2 7 4739 2263 2 8415 2263 2228 2228 2 32 2 122 2263 2 32 974 4259 2 2263 2 2 32 1763 4 7 2 8415 2 7 2345 4739 1
0 0 0 0 0 0 0 0 0 0 0 0 0 0 0 0 122 2 122 1498 2 7 2 2263 1145 7332 2263 2345 7 2 7 4739 2 4 2 1929 2069 974 32 2 839 974 2228 2228 3823 8415 974 974 122 2 8415 4739 2263 2069 2263 2 2069 2 2345 2263 2 2 2 2 4 2 2 2 839 2228 974 2345 3837 839 1763 4 7 2263 2069 2 1
0 0 0 0 0 0 0 0 0 0 0 0 8415 974 2069 4 7 2 32 974 4259 2 2263 2 2263 4259 2263 2069 2 2 1498 974 2 2 2345 7 2 1498 3889 2 2 1498 974 2 122 2069 2 32 2 2 2 1498 974 2 4 7 974 2069 3823 2228 2 1498 2263 2 1498 974 2 2263 1498 7 2263 2069 7 2 2 1498 32 2263 1498 7 1
0 0 0 0 0 0 0 0 0 0 0 0 4259 2263 2069 3823 2 839 2 122 2 2 2 2 32 2 1498 974 7 2 4 2 7 2 4 1929 2 2263 122 2 4259 2263 2069 3823 2 839 2 122 2 2 7 2 2 4 2 2 2 7332 2069 2263 122 2 2345 7 2263 122 2 32 974 4259 2 2263 2 4259 2263 3823 2 839 2 122 1
0 0 0 1498 974 7 2 2 2 3889 974 974 122 2 32 974 4259 2 2263 2 2 4 2 4 2 32 7332 2228 2263 2 2 4 2 7 4739 2 7 2 3823 2263 4 2 2 2 32 2 4 4 2 4 1763 4 4739 2 1498 7 2 2 1498 122 2 3823 2263 4 2 1498 2263 7332 974 7 2 4 32 2 4 1763 2345 3837 4 2 1
0 0 0 0 0 0 0 2345 2069 2 2263 122 2 8415 2 7 2345 4739 2 1498 3889 2 7 4739 2 4 2 2 32 2 4 4 2 1498 3889 2 4739 2 4 2 4 32 2 2228 2263 2 1763 122 2 2 122 2 1763 122 2345 2 1929 2 1763 122 2 2 122 2 1763 122 2345 2 1929 2 3889 974 974 122 2 32 974 4259 2 2263 1
0 0 0 0 0 0 0 0 0 0 0 0 0 0 0 0 0 0 0 0 0 0 0 0 1498 974 7 2 2069 2263 2228 2 7 2 839 2228 2263 2 1763 1498 2228 2263 4 4 2 3823 974 1763 2069 2 7332 2 2069 2263 1498 7 4 2 974 8415 1498 2 32 2 2228 2228 2 974 1498 4 2 2 2 2 3889 1763 2263 4 4 2 1
0 0 0 0 0 0 0 0 0 0 0 0 0 0 0 0 0 0 0 0 0 0 2 2 4739 2 4259 2263 2 4 7 2 2069 7 2263 122 2 7 974 2 8415 974 1498 122 2263 2069 2 8415 4739 3823 2 2 2 32 2 4 7 2 2228 2228 2 7332 2 3823 2 1498 3889 2 1929 974 2069 2 1498 2263 7 1929 2228 2 1145 2 1
0 0 0 0 0 0 0 0 0 0 0 0 0 0 0 0 0 0 0 0 1763 4 1763 2 2228 2 7332 974 2228 2 7 2 2345 2 2228 2 3889 2 2069 839 2228 2263 122 2 32 1763 32 839 974 2 6362 1763 32 839 974 2 2 8415 2263 2 2 2069 2263 2 2 2228 2228 2 839 2263 2 1498 3889 2 122 1763 7332 2263 122 2 1
0 0 0 0 0 0 0 0 0 0 0 0 0 0 0 0 0 0 0 0 0 0 0 0 0 0 0 0 7 4739 2263 2 32 974 4259 2 2263 2 32 2 3837 2263 4 2 2 2 4 2263 1498 2345 2263 2 2 1498 974 2 2228 974 3889 2 2345 2 2 1498 974 2 7332 2228 974 7 2 2 1498 974 7 4739 2 1498 3889 2 1
0 0 0 0 0 0 0 0 0 0 0 0 0 0 0 0 0 7 4739 2 4 2 2 4 2 32 974 4259 2 2263 2 2 4 2 4259 2263 2069 2069 3823 3823 3823 3823 2 839 2 122 2 2 1498 2 32 3823 2 3823 2263 2 2069 2 2 2345 2 1498 7 2 8415 2 7 2345 4739 2 7 4739 2 4 2 2 3889 2 2 1498 1
0 0 0 0 0 0 0 0 6362 1763 4 7 2 2 122 4259 2263 2069 7 2 4 2263 32 2263 1498 7 2 1929 974 2069 2 839 6362 7332 2 2 2 2 2 2 4 2345 2069 2 7332 7 2 2 4 2 7 974 974 2 2228 974 1498 3889 2 2 2 6362 1763 4 7 2 974 1498 2263 2 7 2 32 2263 2 8415 2 7 2345 4739 1
0 0 0 0 0 0 0 0 0 0 0 0 0 0 0 0 0 0 0 0 0 0 0 0 0 0 0 1498 974 2 2228 974 3889 2 2345 2 2 2 8415 974 2069 4 7 2 4259 1929 1145 2 2 2 8415 974 2069 4 7 2 2 2345 7 2 1498 3889 2 2 2 8415 974 2069 4 7 2 4 7 974 2069 3823 2228 2 1498 2263 1
0 0 0 0 0 0 0 0 0 0 0 0 0 0 0 0 0 974 4259 2263 2069 2 4739 2 2228 1929 2 2 1498 2 4739 974 1763 2069 2 4 7332 2263 1498 7 2 974 1498 2 2 1498 7 2069 974 122 1763 2345 7 2 974 1498 2 974 1929 2 2345 4739 2 2069 2 2345 7 2263 2069 4 2 2 1498 122 2 7332 2228 974 7 2 1
0 0 0 0 0 0 0 0 0 0 0 3889 2069 2263 2 7 2 2 2345 7 974 2069 4 2 8415 974 2069 3837 2 1498 3889 2 2 839 4 974 2228 1763 7 2263 2228 3823 2 2 1498 2 7 974 7 2 2228 2 4739 2 2069 32 974 1498 3823 2 2 1498 122 2 2 1498 2345 2069 2263 122 2 839 2228 2263 2 4 7 974 2069 3823 1
0 0 0 0 0 0 0 0 0 2 2 32 2263 2 1498 2 2 2 2 8415 2 4 2 7332 2069 2263 7 7 3823 2 4739 2 3889 4739 2 2 839 1763 7 2 4 7 2 2228 2228 2 2 7 2 122 2263 1929 2 1498 2 7 2263 2228 3823 2 2228 2 4259 2263 122 2 1763 7332 2 7 974 2 32 3823 2 4739 3823 7332 2263 2 1
0 0 0 0 0 0 0 0 0 0 0 0 0 0 0 0 8415 2 4 7 2263 2 974 1929 2 7 2 32 2263 2 2 8415 2 2 7 2 1763 1498 7 2 2228 2 2 7 2 4739 2 7 4 2 7 4739 2263 2 2069 2263 122 839 974 1145 2 2 1929 2 3823 974 1763 2 32 1763 4 7 2 4 2263 2263 2 2 7 2 1
0 0 0 7 4739 2 4 2 32 974 4259 2 2263 2 2 4 2 2 8415 2263 4 974 32 2263 2 2 2 2228 2069 2263 2 122 3823 2 2 2 2345 1763 2228 7 2 2345 2228 2 4 4 2 2345 2 2 8415 2 1929 2 2 2 1498 2 2263 4259 2263 2069 3823 2 2069 974 974 32 2 1763 122 2 2 122 2 1763 122 2263 2 2 1
0 0 0 0 0 0 0 0 0 0 0 0 0 0 0 7 4739 2 4 2 2 4 2 2 2 839 2 122 2 32 974 4259 2 2263 2 2 2 2 32 2 3837 2263 4 2 1498 974 2 4 2263 1498 4 2263 2 2 1498 122 2 7 4739 2263 2 7332 2069 974 122 1763 2345 7 2 974 1498 2 2 4 2 7332 974 974 2069 2 1
0 0 0 0 0 0 0 0 0 0 0 0 0 0 0 0 0 0 0 0 0 0 0 0 8415 2 4 7 2263 122 2 974 7332 7332 974 2069 7 1763 1498 2 7 3823 2 7 974 2 2069 2 2 4 2263 2 2 8415 2 2069 2263 1498 2263 4 4 2 974 1929 2 7 4739 2 4 2 32 2 1498 4 2 8415 974 2069 3837 2 1
0 0 0 0 0 0 0 0 0 0 0 0 0 0 0 0 0 0 0 0 0 0 0 0 974 1498 2263 2 974 1929 2 7 4739 2263 2 1929 2 1498 2263 4 7 2 32 974 4259 2 2263 2 2 2 8415 2 7 2345 4739 2263 122 2 2 1498 2 2069 2263 2345 2263 1498 7 2 7 2 32 2263 4 2 2 2 2 2 2 2 1
0 0 0 0 0 0 0 0 0 0 0 0 0 0 0 0 0 0 0 0 0 0 0 0 0 0 7 4739 2 4 2 32 974 4259 2 2263 2 8415 2 4 2 4 974 2 839 2 122 2 2 2 4 974 2228 122 2 32 3823 2 7 4259 2 2 2 1498 122 2 2 2 2 7 2263 2 32 3823 2 4 4739 974 2263 2 1
0 0 0 0 0 0 0 0 0 0 0 0 0 0 0 0 3889 2069 2263 2 7 2 3889 2069 2263 2 7 2 2 2 2069 2263 2 2228 2228 3823 2 2263 1498 6362 974 3823 2263 122 2 2 7 2 7332 2228 2263 2 4 2263 2 8415 2 7 2345 4739 2 2 7 2 2 2 2228 2 3837 2263 2 7 4739 2 4 2 2345 2 4 7 1
0 0 0 0 0 0 0 0 0 0 0 0 0 0 0 0 0 0 0 0 0 0 0 0 0 0 0 2 1929 2 2 2 2345 974 1763 2228 122 2 3889 2 4259 2263 2 7 4739 2 4 2 2 2 1498 2263 3889 2 7 2 4259 2263 2 4 7 2 2069 2 2069 2 7 2 1498 3889 2 2 2 2 8415 974 1763 2228 122 2 1
0 0 0 0 0 0 0 0 0 0 0 0 0 0 0 0 0 0 0 0 0 0 2 2 1929 2 2345 7 2 974 1498 2 2228 2 7146 2263 122 2 2 2345 2345 974 1763 1498 7 2 8415 2 7 4739 2 1498 974 2 839 2 4 2 4 2 2 1498 2 2069 2263 2 2228 2 7 3823 2 974 2069 2 7 2069 1763 7 4739 2 1
0 0 0 0 0 0 0 0 0 0 0 0 0 0 0 0 0 0 0 7332 2228 2263 2 4 2263 2 3889 974 2 2 1498 122 2 8415 2 7 2345 4739 2 2 7 4739 2 4 2 7 3823 7332 2263 2 974 1929 2 32 974 4259 2 2263 2 2 4 2 32 2 122 2263 2 2 1929 7 2263 2069 2 4 974 2 2228 974 1498 3889 1
0 0 0 0 0 0 3889 974 974 122 2 32 974 4259 2 2263 2 8415 2 7 4739 2 2 1498 2 2 32 7332 974 2069 7 2 1498 7 2 32 2263 4 4 2 3889 2263 2 2 839 974 1763 7 2 7 4739 2263 2 2345 4739 2263 32 2 2345 2 2228 4 2 7332 974 2 4 974 1498 2 1498 3889 2 1763 4 2 2 2228 2228 2 1
0 0 0 0 0 0 0 839 2 122 2 2 2345 7 2 1498 3889 2 2 1763 1498 839 2263 2228 2 2263 4259 2 839 2228 2263 2 4 2345 2069 2 7332 7 2 2 1498 974 7 2 3889 974 974 122 2 2345 2 4 7 2 1498 3889 2 2 7 2 2 2228 2228 2 4 2263 2069 2 974 1763 4 2228 3823 2 2 4259 974 2 122 2 1
0 0 0 0 0 0 0 0 0 0 0 0 0 0 0 2 2 4 2228 974 8415 2 2 2228 32 974 4 7 2 4 2228 974 7332 7332 3823 2 4 7 2 2069 7 2 839 1763 7 2 974 1498 2345 2263 2 7 4739 2 1498 3889 4 2 7332 2 2345 3837 2263 122 2 1763 7332 2 2 2 8415 2 4 2 4739 974 974 3837 2263 122 1
2 2 4 4739 974 2069 7 2 4 7 974 2069 3823 2 7 4739 2 7 2 4 4739 974 8415 4 2 1763 4 2 7 4739 2263 2 7332 2069 974 839 2228 2263 32 4 2 7 4739 2 7 2 3889 2 2069 2228 4 2 2345 2 1498 2 4 1763 1929 1929 2263 2069 2 2 1498 2 7 974 122 2 3823 2 4 2 8415 974 2069 2228 122 2 1
0 0 0 0 0 0 0 0 0 0 0 0 0 0 0 0 0 0 0 0 0 0 0 0 0 8415 2263 2228 2228 2 2 2 2 2 2 2228 2 3837 2263 122 2 2 7 2 2 2 2228 974 7 2 2 2 2 2 32 2263 2 1498 2 2 8415 4739 2 7 4 2 1498 974 7 2 7 974 2 2228 2 3837 2263 2 2 2 1
0 0 0 0 0 0 7 4739 2 4 2 2 4 2 3889 974 974 122 2 2 1763 122 2 2 122 2 1763 122 2345 2 122 839 2263 4 7 2 32 974 4259 2 2263 2 974 1929 2 7 4739 2263 2 3823 2263 2 2069 2 2 974 1498 2228 3823 2 3889 974 974 122 2 7 4739 2 1498 3889 2 7 4739 2 4 2 3823 2263 2 2069 1
0 0 0 0 0 0 0 0 0 0 0 0 0 0 0 0 0 0 2 32 2 7146 2 1498 3889 2 32 974 4259 2 2263 2 2 2 7332 2228 7146 2 122 974 1498 2 7 2 32 2 4 4 2 7 4739 2263 2 1929 2 2228 32 2 2 2345 974 32 7332 2228 2263 7 2263 2 7332 2 2 4 2 2 4259 2 4 974 974 2228 1
0 0 0 0 0 122 974 1498 2 7 2 8415 2 4 7 2263 2 3823 974 1763 2069 2 7 2 32 2263 2 2 2 2 7 2 2228 2 2345 3837 4 2 7332 2228 974 7 2 2 1498 122 2 2 7 2 4 2 3889 2069 974 4 4 2 839 1763 7 2 1498 974 7 2 2 1498 2 2 2 4 2345 2 2069 3823 2 8415 2 3823 1
0 0 0 0 0 0 0 0 0 0 0 0 0 0 0 0 0 0 0 0 0 1929 1763 3823 2 974 2 2069 2263 32 2 1498 122 2263 122 2 2 32 2263 2069 2 2345 2 1498 4 2 974 1929 2 8415 4739 2 7 2 2 2069 2263 2 2228 2 2 2345 2 7332 2 7 2 2228 2 4 32 2 2 4 2 2228 2 3837 2263 2 1
0 0 0 0 0 0 0 0 0 0 0 0 0 0 0 0 0 0 0 0 0 0 0 0 0 7 4739 2263 2 839 2228 974 974 7332 2263 2069 4 2 2 7 2 7 4739 2263 2 2263 1498 122 2 8415 2 4 2 7 4739 2263 2 839 2263 4 7 2 7332 2 2069 7 2 974 1929 2 7 4739 2263 2 32 974 4259 2 2263 2 1
0 0 0 0 0 0 2 2 8415 2 4 4739 2 7 4739 2263 3823 2 4 4739 974 8415 2263 122 2 32 974 2069 2263 2 974 1929 2 7 4739 2263 2 839 2 7 4739 2069 974 974 32 4 2 2 8415 2 1498 1498 2 2 4 2263 2263 2 4739 974 8415 2 7 4739 2263 3823 2 122 2263 2345 974 2069 2 7 2263 122 2 2 7 2 1
0 0 0 0 0 0 0 0 0 0 0 0 4 974 974 974 2 32 2 1498 3823 2 7332 2228 974 7 2 4739 974 2228 2263 4 2 2 1498 122 2 974 1498 2263 2 974 1929 2 7 4739 2263 2 2228 1763 2345 3837 2 2228 2263 4 7 2 122 2263 7 2263 2345 7 2 4259 2263 2 974 1929 2 2 2228 2228 2 7 2 32 2263 2 1
0 0 0 0 0 0 0 0 0 0 0 0 0 0 0 0 0 2 2 122 974 1498 7 2 2069 2263 2 2228 2228 3823 2 3837 1498 974 8415 2 8415 4739 2 7 2 8415 2 4 2 7 4739 2 4 2 32 974 4259 2 2263 2 2 839 974 1763 7 2 2 1763 7 7 2263 2069 2228 3823 2 7332 974 2 1498 7 2228 2263 4 4 1
0 0 0 0 0 0 0 0 0 0 0 0 0 0 0 0 2263 4259 2263 2069 3823 7 4739 2 1498 3889 2 2 4 2 1929 2 2345 7 2 974 1498 2 2228 2 839 1763 7 2 4259 2 4259 2263 3837 2 974 839 2263 2069 974 2 2 4 2 8415 974 2069 4 7 2 2 2345 7 2 1498 3889 2 2 4 2 2069 2263 2 2228 2 1
0 0 0 0 0 0 0 0 0 2 7 4 2 2228 2 3837 2263 2 8415 2 7 2345 4739 2 1498 3889 2 4 2345 2 32 2 2 2 2 2 2 974 1498 2 2 1145 2 4 7332 2263 2263 122 2 8415 4739 2 2228 2263 2 4 3837 2 7332 7332 2 1498 3889 2 2 2228 2228 2 7 4739 2263 2 122 2263 7 2 2 2228 4 2 1
0 0 0 0 0 0 1498 974 7 2 2 2 2 4 2 32 7332 2 839 1763 7 2 2 2 3889 2 4259 2263 2 2 2 2 1929 974 2069 2 7 4739 2 4 2 1929 2228 2 32 2 6362 1763 4 7 2 839 2263 2345 2 1763 4 2263 2 974 1929 2 32 2 2069 2 2263 2 2 4259 3889 2263 2069 974 7332 974 1763 2228 974 4 1
0 0 0 0 0 0 0 0 0 0 0 0 0 0 0 0 0 0 0 0 0 0 0 0 0 0 0 0 0 7 4739 2 4 2 2 4 2 122 2 1929 1929 2263 2069 2263 1498 7 2 2 1498 122 2 2 2 2069 2263 2 2228 2228 3823 2 2228 974 4259 2263 2 7 4739 2263 2 7 2 2228 2263 2 2 2263 1498 6362 974 3823 1
0 0 0 0 0 0 0 0 0 0 0 0 0 0 7 4739 2 4 2 2 4 2 7 4739 2263 2 3837 2 1498 122 2 974 1929 2 32 974 4259 2 2263 2 3823 974 1763 2 122 974 1498 2 7 2 8415 2 1498 7 2 7 974 2 2263 1498 122 2 2 3889 2 4259 2263 2 1763 4 2 32 974 2069 2263 2 2 2228 2263 1145 1
0 0 0 0 0 0 0 0 0 0 0 0 0 2069 2263 2 2228 2228 3823 2 1929 1763 1498 2 2 122 122 2 2345 7 2 4259 2263 2 1929 1763 1498 2 1929 1763 1498 2 2 122 122 2 2345 7 2 4259 2263 2 3889 2 32 2263 2 1929 1763 1498 2 2 122 122 2 2345 7 2 4259 2263 2 1929 1763 1498 2 1929 1763 1498 2 4 1
0 2345 4739 2228 974 2263 2 32 974 2069 2263 7 7146 2 2 4 2 2 2 4259 2263 2069 3823 2 3889 974 974 122 2 2 2345 7 2069 2263 4 4 2 2 7 4739 2 4 2 2 4 1498 7 2 4739 2 4 2 839 2263 4 7 2 32 974 4259 2 2263 2 839 1763 7 2 2 4 2 2263 1498 6362 974 3823 2 839 2228 2263 2 1
1929 2 1498 7 2 4 7 2 2345 2 2 1498 122 2 2263 32 974 7 2 974 1498 2 2228 2 6362 974 1763 2069 1498 2263 3823 2 2 1929 1763 2228 2228 2 974 1929 2 1763 7332 2228 2 1929 7 2 1498 3889 2 8415 974 2069 122 4 2 2 1498 122 2 7 2069 1763 2263 2 2263 1498 2345 974 1763 2069 2 3889 2263 32 2263 1498 7 2 1
0 0 0 0 0 0 0 0 0 0 0 0 0 0 0 0 0 6362 1763 4 7 2 2 2 839 974 2069 2 1498 3889 2 7332 974 2 1498 7 2228 2263 4 4 2 122 974 2345 1763 32 2263 1498 7 2 2069 3823 2 7 2069 3823 2 1498 3889 2 7 974 2 4 7 2 2069 2 2345 974 1498 7 2069 974 4259 2263 2069 4 3823 2 1
0 0 0 0 0 0 0 0 0 0 0 0 0 0 0 0 0 0 0 0 0 0 7 4739 2 7 2 3837 2 122 2 8415 2 4 2 7 4739 2263 2 32 974 4 7 2 2 1498 1498 974 3823 2 1498 3889 2 2345 4739 2 2069 2 2345 7 2263 2069 2 2263 4259 2263 2069 2 2 7 4739 2 7 2 2 7 2 2 2228 2228 1
0 0 0 0 0 0 0 2 2 32 974 4259 2 2263 2 8415 4739 2263 2069 2263 2 3823 974 1763 2 4739 974 7332 2263 2 7 4739 2263 2 32 2 2 1498 2 2345 4739 2 2069 2 2345 7 2263 2069 2 1929 2 2 2228 4 2 839 2069 1763 7 2 2228 2228 3823 2 7 4739 2263 2 2263 1498 7 2 2069 2263 2 7 2 32 2263 2 1
0 0 0 839 2263 3823 974 1498 122 2 4 7 1763 7332 2 122 2 2 2345 4739 2 2069 2 2345 7 2263 2069 4 2 4 974 2 2 2228 2228 974 3889 2 2345 2 2228 2 2 8415 2 1498 7 2263 122 2 7 974 2 839 2 1498 3889 2 32 3823 2 4739 2263 2 122 2 2 3889 2 2 1498 4 7 2 2 2 8415 2 2228 2228 1
